step,context,hidden,y,d_exact,d_sur_expected,d_sur_draw,d_exact_centered,d_sur_expected_centered,bias_centered,noise,gap,gap_ref
0,0,5,CTATCGCA,0.0,0.0,0.0,0.0,0.0,0.0,0.0,0.017179814851999264,0.017179814851999264
0,0,5,CAGTCGCG,0.0,0.0,0.0,0.0,0.0,0.0,0.0,0.013679816984170756,0.013679816984170756
0,0,5,TTTTGGCG,0.0,0.0,0.0,0.0,0.0,0.0,0.0,0.23991296158745,0.23991296158745
0,0,5,AAGTCGCG,0.0,0.0,0.0,0.0,0.0,0.0,0.0,0.39408568497184504,0.39408568497184504
0,1,4,ACTGCGGC,0.0,0.0,0.0,0.0,0.0,0.0,0.0,0.06625826986161898,0.06625826986161898
0,1,4,ACGACGGC,0.0,0.0,0.0,0.0,0.0,0.0,0.0,0.415354222379106,0.415354222379106
0,1,4,ACGACGGC,0.0,0.0,0.0,0.0,0.0,0.0,0.0,0.415354222379106,0.415354222379106
0,1,4,ACTACGGC,0.0,0.0,0.0,0.0,0.0,0.0,0.0,0.01588873762202825,0.01588873762202825
0,2,4,CGATCGCG,0.0,0.0,0.0,0.0,0.0,0.0,0.0,2.5721711114715107e-06,2.5721711114715107e-06
0,2,4,CGATCGCG,0.0,0.0,0.0,0.0,0.0,0.0,0.0,2.5721711114715107e-06,2.5721711114715107e-06
0,2,4,CGATCGCG,0.0,0.0,0.0,0.0,0.0,0.0,0.0,2.5721711114715107e-06,2.5721711114715107e-06
0,2,4,CGATCGCG,0.0,0.0,0.0,0.0,0.0,0.0,0.0,2.5721711114715107e-06,2.5721711114715107e-06
0,3,4,CAGTCGCG,0.0,0.0,0.0,0.0,0.0,0.0,0.0,0.018320659995228805,0.018320659995228805
0,3,4,CTATCGCA,0.0,0.0,0.0,0.0,0.0,0.0,0.0,0.017003491500348522,0.017003491500348522
0,3,4,CTATCGCA,0.0,0.0,0.0,0.0,0.0,0.0,0.0,0.017003491500348522,0.017003491500348522
0,3,4,CAGTCGCG,0.0,0.0,0.0,0.0,0.0,0.0,0.0,0.018320659995228805,0.018320659995228805
0,4,7,TTTAGGCC,0.0,0.0,0.0,0.0,0.0,0.0,0.0,0.0025496389754364746,0.0025496389754364746
0,4,7,TTTAGGCC,0.0,0.0,0.0,0.0,0.0,0.0,0.0,0.0025496389754364746,0.0025496389754364746
0,4,7,TCTACGGC,0.0,0.0,0.0,0.0,0.0,0.0,0.0,0.18340928315328187,0.18340928315328187
0,4,7,TTCAGGCC,0.0,0.0,0.0,0.0,0.0,0.0,0.0,1.4586756422089655,1.4586756422089655
0,5,5,TTTGGGCG,0.0,0.0,0.0,0.0,0.0,0.0,0.0,0.012672209698183279,0.012672209698183279
0,5,5,TTTGGGCC,0.0,0.0,0.0,0.0,0.0,0.0,0.0,0.0022999781785206785,0.0022999781785206785
0,5,5,TGTGGGCG,0.0,0.0,0.0,0.0,0.0,0.0,0.0,0.020668484682901056,0.020668484682901056
0,5,5,TTTAGGCC,0.0,0.0,0.0,0.0,0.0,0.0,0.0,0.011102877266055744,0.011102877266055744
0,6,4,TGTGGGCG,0.0,0.0,0.0,0.0,0.0,0.0,0.0,0.008480404106032235,0.008480404106032235
0,6,4,TGTGCGCC,0.0,0.0,0.0,0.0,0.0,0.0,0.0,0.038003308076550724,0.038003308076550724
0,6,4,TGTGCGCC,0.0,0.0,0.0,0.0,0.0,0.0,0.0,0.038003308076550724,0.038003308076550724
0,6,4,TGTGGGCG,0.0,0.0,0.0,0.0,0.0,0.0,0.0,0.008480404106032235,0.008480404106032235
0,7,2,TTTGGGCC,0.0,0.0,0.0,0.0,0.0,0.0,0.0,0.0024265905324912795,0.0024265905324912795
0,7,2,TTTAGGCC,0.0,0.0,0.0,0.0,0.0,0.0,0.0,0.00019671473289895047,0.00019671473289895047
0,7,2,TTTGGGCC,0.0,0.0,0.0,0.0,0.0,0.0,0.0,0.0024265905324912795,0.0024265905324912795
0,7,2,TTTAGGCG,0.0,0.0,0.0,0.0,0.0,0.0,0.0,0.0001749608370471556,0.0001749608370471556
0,8,3,TTTAGGCC,0.0,0.0,0.0,0.0,0.0,0.0,0.0,4.457604635882406e-06,4.457604635882406e-06
0,8,3,TTTAGGCC,0.0,0.0,0.0,0.0,0.0,0.0,0.0,4.457604635882406e-06,4.457604635882406e-06
0,8,3,TTTAGGCC,0.0,0.0,0.0,0.0,0.0,0.0,0.0,4.457604635882406e-06,4.457604635882406e-06
0,8,3,TTTAGGCC,0.0,0.0,0.0,0.0,0.0,0.0,0.0,4.457604635882406e-06,4.457604635882406e-06
0,9,4,TTTAGGCC,0.0,0.0,0.0,0.0,0.0,0.0,0.0,7.2411921480664e-06,7.2411921480664e-06
0,9,4,TTTAGGCC,0.0,0.0,0.0,0.0,0.0,0.0,0.0,7.2411921480664e-06,7.2411921480664e-06
0,9,4,TTTAGGCC,0.0,0.0,0.0,0.0,0.0,0.0,0.0,7.2411921480664e-06,7.2411921480664e-06
0,9,4,TTTAGGCC,0.0,0.0,0.0,0.0,0.0,0.0,0.0,7.2411921480664e-06,7.2411921480664e-06
0,10,4,CTATCGCG,0.0,0.0,0.0,0.0,0.0,0.0,0.0,0.0934960376082552,0.0934960376082552
0,10,4,CTATCGCA,0.0,0.0,0.0,0.0,0.0,0.0,0.0,0.0018840490874900695,0.0018840490874900695
0,10,4,CTATCGCA,0.0,0.0,0.0,0.0,0.0,0.0,0.0,0.0018840490874900695,0.0018840490874900695
0,10,4,CTATCGCA,0.0,0.0,0.0,0.0,0.0,0.0,0.0,0.0018840490874900695,0.0018840490874900695
0,11,7,TTTAGGCC,0.0,0.0,0.0,0.0,0.0,0.0,0.0,0.0025496389754364746,0.0025496389754364746
0,11,7,TTTAGGCC,0.0,0.0,0.0,0.0,0.0,0.0,0.0,0.0025496389754364746,0.0025496389754364746
0,11,7,TTTAGGCC,0.0,0.0,0.0,0.0,0.0,0.0,0.0,0.0025496389754364746,0.0025496389754364746
0,11,7,TTTAGGCC,0.0,0.0,0.0,0.0,0.0,0.0,0.0,0.0025496389754364746,0.0025496389754364746
0,12,1,CTATCGCA,0.0,0.0,0.0,0.0,0.0,0.0,0.0,0.0,0.0
0,12,1,CTATCGCA,0.0,0.0,0.0,0.0,0.0,0.0,0.0,0.0,0.0
0,12,1,CTATCGCA,0.0,0.0,0.0,0.0,0.0,0.0,0.0,0.0,0.0
0,12,1,CTATCGCA,0.0,0.0,0.0,0.0,0.0,0.0,0.0,0.0,0.0
0,13,6,TTTGGGCC,0.0,0.0,0.0,0.0,0.0,0.0,0.0,0.006467461167176447,0.006467461167176447
0,13,6,TGTGGGCC,0.0,0.0,0.0,0.0,0.0,0.0,0.0,0.03155078546528989,0.03155078546528989
0,13,6,TTTAGGCC,0.0,0.0,0.0,0.0,0.0,0.0,0.0,0.013420847531365299,0.013420847531365299
0,13,6,TGTGGGCC,0.0,0.0,0.0,0.0,0.0,0.0,0.0,0.03155078546528989,0.03155078546528989
0,14,5,CTATCGCA,0.0,0.0,0.0,0.0,0.0,0.0,0.0,0.017179814851999264,0.017179814851999264
0,14,5,CGGTCGCG,0.0,0.0,0.0,0.0,0.0,0.0,0.0,0.010973205199816372,0.010973205199816372
0,14,5,TTTTGGCC,0.0,0.0,0.0,0.0,0.0,0.0,0.0,0.12857578975263229,0.12857578975263229
0,14,5,CTGTCGCG,0.0,0.0,0.0,0.0,0.0,0.0,0.0,0.3607323307448782,0.3607323307448782
0,15,6,TTTAGGCC,0.0,0.0,0.0,0.0,0.0,0.0,0.0,0.0016159401189779765,0.0016159401189779765
0,15,6,TTTAGGCC,0.0,0.0,0.0,0.0,0.0,0.0,0.0,0.0016159401189779765,0.0016159401189779765
0,15,6,TTTAGGCC,0.0,0.0,0.0,0.0,0.0,0.0,0.0,0.0016159401189779765,0.0016159401189779765
0,15,6,TTTAGGCC,0.0,0.0,0.0,0.0,0.0,0.0,0.0,0.0016159401189779765,0.0016159401189779765
0,16,2,TGTGGGCG,0.0,0.0,0.0,0.0,0.0,0.0,0.0,3.3989050616800576e-05,3.3989050616800576e-05
0,16,2,TGTGGGCC,0.0,0.0,0.0,0.0,0.0,0.0,0.0,3.3233314031266836e-05,3.3233314031266836e-05
0,16,2,TGTGGGCG,0.0,0.0,0.0,0.0,0.0,0.0,0.0,3.3989050616800576e-05,3.3989050616800576e-05
0,16,2,TGTGGGCG,0.0,0.0,0.0,0.0,0.0,0.0,0.0,3.3989050616800576e-05,3.3989050616800576e-05
0,17,3,TTTAGGCC,0.0,0.0,0.0,0.0,0.0,0.0,0.0,0.0019895310295588997,0.0019895310295588997
0,17,3,TTTAGGCC,0.0,0.0,0.0,0.0,0.0,0.0,0.0,0.0019895310295588997,0.0019895310295588997
0,17,3,TTTGGGCC,0.0,0.0,0.0,0.0,0.0,0.0,0.0,0.006301622204765822,0.006301622204765822
0,17,3,TTTAGGCC,0.0,0.0,0.0,0.0,0.0,0.0,0.0,0.0019895310295588997,0.0019895310295588997
0,18,3,CATTCGCG,0.0,0.0,0.0,0.0,0.0,0.0,0.0,0.0011545876813032763,0.0011545876813032763
0,18,3,CGTTCGCG,0.0,0.0,0.0,0.0,0.0,0.0,0.0,8.456567317960406e-05,8.456567317960406e-05
0,18,3,CGTTCGCG,0.0,0.0,0.0,0.0,0.0,0.0,0.0,8.456567317960406e-05,8.456567317960406e-05
0,18,3,CGTTCGCG,0.0,0.0,0.0,0.0,0.0,0.0,0.0,8.456567317960406e-05,8.456567317960406e-05
0,19,2,TGTGCGCC,0.0,0.0,0.0,0.0,0.0,0.0,0.0,2.86106731306468e-07,2.86106731306468e-07
0,19,2,TGTGCGCC,0.0,0.0,0.0,0.0,0.0,0.0,0.0,2.86106731306468e-07,2.86106731306468e-07
0,19,2,TGTGCGCC,0.0,0.0,0.0,0.0,0.0,0.0,0.0,2.86106731306468e-07,2.86106731306468e-07
0,19,2,TGTGCGCC,0.0,0.0,0.0,0.0,0.0,0.0,0.0,2.86106731306468e-07,2.86106731306468e-07
0,20,3,CAATCTAT,0.0,0.0,0.0,0.0,0.0,0.0,0.0,0.0006798344605258855,0.0006798344605258855
0,20,3,CAATCTAT,0.0,0.0,0.0,0.0,0.0,0.0,0.0,0.0006798344605258855,0.0006798344605258855
0,20,3,CAATATAT,0.0,0.0,0.0,0.0,0.0,0.0,0.0,0.002569881000821894,0.002569881000821894
0,20,3,CGATCTAT,0.0,0.0,0.0,0.0,0.0,0.0,0.0,0.026250596632396928,0.026250596632396928
0,21,5,GGGTCGCG,0.0,0.0,0.0,0.0,0.0,0.0,0.0,0.033404920106470115,0.033404920106470115
0,21,5,CGGTCGCG,0.0,0.0,0.0,0.0,0.0,0.0,0.0,0.0010058851104788324,0.0010058851104788324
0,21,5,CGGTCGCG,0.0,0.0,0.0,0.0,0.0,0.0,0.0,0.0010058851104788324,0.0010058851104788324
0,21,5,CGGTCGCG,0.0,0.0,0.0,0.0,0.0,0.0,0.0,0.0010058851104788324,0.0010058851104788324
0,22,2,CGGTCGCG,0.0,0.0,0.0,0.0,0.0,0.0,0.0,5.091808119150887e-05,5.091808119150887e-05
0,22,2,CGGTCGCG,0.0,0.0,0.0,0.0,0.0,0.0,0.0,5.091808119150887e-05,5.091808119150887e-05
0,22,2,CGGTCGCG,0.0,0.0,0.0,0.0,0.0,0.0,0.0,5.091808119150887e-05,5.091808119150887e-05
0,22,2,CGGTCGCG,0.0,0.0,0.0,0.0,0.0,0.0,0.0,5.091808119150887e-05,5.091808119150887e-05
0,23,6,TGTGGGCG,0.0,0.0,0.0,0.0,0.0,0.0,0.0,0.020599783913233027,0.020599783913233027
0,23,6,TGTGCGCG,0.0,0.0,0.0,0.0,0.0,0.0,0.0,0.07099485312529241,0.07099485312529241
0,23,6,AGTTCGCG,0.0,0.0,0.0,0.0,0.0,0.0,0.0,0.05270910522906558,0.05270910522906558
0,23,6,TGTGGGCC,0.0,0.0,0.0,0.0,0.0,0.0,0.0,0.030674843303515553,0.030674843303515553
0,24,2,TTTGGGCG,0.0,0.0,0.0,0.0,0.0,0.0,0.0,1.3328105286092296e-10,1.3328105286092296e-10
0,24,2,TTTGGGCG,0.0,0.0,0.0,0.0,0.0,0.0,0.0,1.3328105286092296e-10,1.3328105286092296e-10
0,24,2,TTTGGGCG,0.0,0.0,0.0,0.0,0.0,0.0,0.0,1.3328105286092296e-10,1.3328105286092296e-10
0,24,2,TTTGGGCG,0.0,0.0,0.0,0.0,0.0,0.0,0.0,1.3328105286092296e-10,1.3328105286092296e-10
0,25,4,TTTGGGCC,0.0,0.0,0.0,0.0,0.0,0.0,0.0,0.002111171081282115,0.002111171081282115
0,25,4,TTTGGGCG,0.0,0.0,0.0,0.0,0.0,0.0,0.0,0.007134253663054091,0.007134253663054091
0,25,4,CGTGGGCG,0.0,0.0,0.0,0.0,0.0,0.0,0.0,0.034927946731807324,0.034927946731807324
0,25,4,TTTGGGCC,0.0,0.0,0.0,0.0,0.0,0.0,0.0,0.002111171081282115,0.002111171081282115
0,26,5,TTTTCGCG,0.0,0.0,0.0,0.0,0.0,0.0,0.0,0.9166588557381115,0.9166588557381115
0,26,5,TTTAGGCC,0.0,0.0,0.0,0.0,0.0,0.0,0.0,0.01657083698863726,0.01657083698863726
0,26,5,TTTGGGCC,0.0,0.0,0.0,0.0,0.0,0.0,0.0,0.021854936824638127,0.021854936824638127
0,26,5,CTTTGGCC,0.0,0.0,0.0,0.0,0.0,0.0,0.0,0.5825066789692404,0.5825066789692404
0,27,2,TCTACGGC,0.0,0.0,0.0,0.0,0.0,0.0,0.0,6.433285160700741e-06,6.433285160700741e-06
0,27,2,TCTACGGC,0.0,0.0,0.0,0.0,0.0,0.0,0.0,6.433285160700741e-06,6.433285160700741e-06
0,27,2,TCTACGGC,0.0,0.0,0.0,0.0,0.0,0.0,0.0,6.433285160700741e-06,6.433285160700741e-06
0,27,2,TCTACGGC,0.0,0.0,0.0,0.0,0.0,0.0,0.0,6.433285160700741e-06,6.433285160700741e-06
0,28,2,TTTGGGCC,0.0,0.0,0.0,0.0,0.0,0.0,0.0,3.355152822237528e-10,3.355152822237528e-10
0,28,2,TTTGGGCC,0.0,0.0,0.0,0.0,0.0,0.0,0.0,3.355152822237528e-10,3.355152822237528e-10
0,28,2,TTTGGGCC,0.0,0.0,0.0,0.0,0.0,0.0,0.0,3.355152822237528e-10,3.355152822237528e-10
0,28,2,TTTGGGCC,0.0,0.0,0.0,0.0,0.0,0.0,0.0,3.355152822237528e-10,3.355152822237528e-10
0,29,4,CAATCGCT,0.0,0.0,0.0,0.0,0.0,0.0,0.0,0.03019649834336935,0.03019649834336935
0,29,4,CTATCGCA,0.0,0.0,0.0,0.0,0.0,0.0,0.0,0.0008816346019815957,0.0008816346019815957
0,29,4,CTATCGCA,0.0,0.0,0.0,0.0,0.0,0.0,0.0,0.0008816346019815957,0.0008816346019815957
0,29,4,CTATCGCA,0.0,0.0,0.0,0.0,0.0,0.0,0.0,0.0008816346019815957,0.0008816346019815957
0,30,5,TTTAGGCC,0.0,0.0,0.0,0.0,0.0,0.0,0.0,0.013474885191074648,0.013474885191074648
0,30,5,TTTAGGCC,0.0,0.0,0.0,0.0,0.0,0.0,0.0,0.013474885191074648,0.013474885191074648
0,30,5,TGTGGGCC,0.0,0.0,0.0,0.0,0.0,0.0,0.0,0.04419466760900148,0.04419466760900148
0,30,5,TTTAGGCC,0.0,0.0,0.0,0.0,0.0,0.0,0.0,0.013474885191074648,0.013474885191074648
0,31,4,CTATCGCA,0.0,0.0,0.0,0.0,0.0,0.0,0.0,2.3252619606686786e-05,2.3252619606686786e-05
0,31,4,CTATCGCA,0.0,0.0,0.0,0.0,0.0,0.0,0.0,2.3252619606686786e-05,2.3252619606686786e-05
0,31,4,CTATCGCA,0.0,0.0,0.0,0.0,0.0,0.0,0.0,2.3252619606686786e-05,2.3252619606686786e-05
0,31,4,CTATCGCA,0.0,0.0,0.0,0.0,0.0,0.0,0.0,2.3252619606686786e-05,2.3252619606686786e-05
250,0,5,CTATCGCA,0.007881574032318341,0.007885290854586734,0.01323244534432888,0.0,0.0,0.0,0.005347154489742146,8.35168700606681e-07,1.941928004257909e-05
250,0,5,CTATCGCA,0.007881574032318341,0.007885290854586734,0.012016555294394493,0.0,0.0,0.0,0.004131264439807759,8.35168700606681e-07,1.941928004257909e-05
250,0,5,CTATCGCA,0.007881574032318341,0.007885290854586734,0.007198303937911987,0.0,0.0,0.0,-0.0006869869166747471,8.35168700606681e-07,1.941928004257909e-05
250,0,5,CTATCGCA,0.007881574032318341,0.007885290854586734,0.009963855147361755,0.0,0.0,0.0,0.002078564292775021,8.35168700606681e-07,1.941928004257909e-05
250,1,5,CAATCTAT,-0.1302647232703153,-0.15996459522380385,-0.28496474027633667,-0.13491083503378398,-0.13609870956522788,-0.0011878745314438943,-0.12500014505253282,0.16755735657682935,0.01905799680938669
250,1,5,CGATCTAT,-0.0011781199229527139,-0.03975593630128689,0.06828552484512329,-0.0058242316864214,-0.015890050642710922,-0.010065818956289522,0.10804146114641018,0.24152080327590308,0.04863172138423222
250,1,5,CGATCTAT,-0.0011781199229527139,-0.03975593630128689,0.018519878387451172,-0.0058242316864214,-0.015890050642710922,-0.010065818956289522,0.05827581468873806,0.24152080327590308,0.04863172138423222
250,1,5,CAATATAT,0.15120541017009548,0.14401292519207373,0.2569582462310791,0.1465592984066268,0.1678788108506497,0.021319512444022914,0.11294532103900537,0.1059259721031185,0.06996354721300979
250,2,6,CTATCGCA,0.14604891753118074,0.1444826777860372,0.033807024359703064,0.0,0.0,0.0,-0.11067565342633415,0.02244419265502101,0.013046754184159903
250,2,6,CTATCGCA,0.14604891753118074,0.1444826777860372,0.09957284480333328,0.0,0.0,0.0,-0.04490983298270393,0.02244419265502101,0.013046754184159903
250,2,6,CTATCGCA,0.14604891753118074,0.1444826777860372,0.024311613291502,0.0,0.0,0.0,-0.12017106449453521,0.02244419265502101,0.013046754184159903
250,2,6,CTATCGCA,0.14604891753118074,0.1444826777860372,0.34696847200393677,0.0,0.0,0.0,0.20248579421789956,0.02244419265502101,0.013046754184159903
250,3,2,CTATCGCA,0.003697765960288313,0.00369687590864487,0.003696875646710396,0.0,0.0,0.0,-2.6193447411060333e-10,2.2975312049533514e-06,5.174279180675256e-07
250,3,2,CTATCGCA,0.003697765960288313,0.00369687590864487,0.004764623939990997,0.0,0.0,0.0,0.0010677480313461274,2.2975312049533514e-06,5.174279180675256e-07
250,3,2,CTATCGCA,0.003697765960288313,0.00369687590864487,0.004764623939990997,0.0,0.0,0.0,0.0010677480313461274,2.2975312049533514e-06,5.174279180675256e-07
250,3,2,CTATCGCA,0.003697765960288313,0.00369687590864487,0.003696875646710396,0.0,0.0,0.0,-2.6193447411060333e-10,2.2975312049533514e-06,5.174279180675256e-07
250,4,5,CTATCGCA,0.1667615953526324,0.16467898062184325,0.11098530888557434,0.0,0.0,0.0,-0.053693671736268905,0.019358768922902614,0.008945695268956833
250,4,5,CTATCGCA,0.1667615953526324,0.16467898062184325,0.32037967443466187,0.0,0.0,0.0,0.15570069381281862,0.019358768922902614,0.008945695268956833
250,4,5,CTATCGCA,0.1667615953526324,0.16467898062184325,0.3522235155105591,0.0,0.0,0.0,0.18754453488871584,0.019358768922902614,0.008945695268956833
250,4,5,CTATCGCA,0.1667615953526324,0.16467898062184325,0.2402845025062561,0.0,0.0,0.0,0.07560552188441286,0.019358768922902614,0.008945695268956833
250,5,5,CTATCGCA,0.0040940313975018836,0.004100663847617802,0.003420489374548197,0.0,0.0,0.0,-0.0006801744730696056,2.7755197372688473e-06,3.5937770316865625e-05
250,5,5,CTATCGCA,0.0040940313975018836,0.004100663847617802,0.0046806251630187035,0.0,0.0,0.0,0.0005799613154009011,2.7755197372688473e-06,3.5937770316865625e-05
250,5,5,CTATCGCA,0.0040940313975018836,0.004100663847617802,0.001856073271483183,0.0,0.0,0.0,-0.0022445905761346195,2.7755197372688473e-06,3.5937770316865625e-05
250,5,5,CTATCGCA,0.0040940313975018836,0.004100663847617802,0.004255359061062336,0.0,0.0,0.0,0.00015469521344453358,2.7755197372688473e-06,3.5937770316865625e-05
250,6,3,CGATCGCG,0.0413527636486637,0.041356324259848254,0.03508394584059715,0.0,0.0,0.0,-0.006272378419251101,0.0007779738165647754,0.0007886556501184305
250,6,3,CGATCGCG,0.0413527636486637,0.041356324259848254,0.028017036616802216,0.0,0.0,0.0,-0.013339287643046038,0.0007779738165647754,0.0007886556501184305
250,6,3,CGATCGCG,0.0413527636486637,0.041356324259848254,0.06469929963350296,0.0,0.0,0.0,0.023342975373654706,0.0007779738165647754,0.0007886556501184305
250,6,3,CGATCGCG,0.0413527636486637,0.041356324259848254,0.0562962144613266,0.0,0.0,0.0,0.014939890201478345,0.0007779738165647754,0.0007886556501184305
250,7,4,CTATCGCA,0.0026134517883269863,0.0026136614802491076,0.0027580750174820423,0.0,0.0,0.0,0.0001444135372329347,8.585648060555062e-09,8.473533365457864e-07
250,7,4,CTATCGCA,0.0026134517883269863,0.0026136614802491076,0.0019268246833235025,0.0,0.0,0.0,-0.0006868367969256051,8.585648060555062e-09,8.473533365457864e-07
250,7,4,CTATCGCA,0.0026134517883269863,0.0026136614802491076,0.0020777240861207247,0.0,0.0,0.0,-0.0005359373941283829,8.585648060555062e-09,8.473533365457864e-07
250,7,4,CTATCGCA,0.0026134517883269863,0.0026136614802491076,0.0022286002058535814,0.0,0.0,0.0,-0.0003850612743955262,8.585648060555062e-09,8.473533365457864e-07
250,8,3,CTATCGCA,0.006979460377026375,0.006994184350130809,0.012300755828619003,0.0,0.0,0.0,0.005306571478488194,2.621892961102157e-05,7.039084892432323e-05
250,8,3,CTATCGCA,0.006979460377026375,0.006994184350130809,0.0017184256576001644,0.0,0.0,0.0,-0.005275758692530645,2.621892961102157e-05,7.039084892432323e-05
250,8,3,CTATCGCA,0.006979460377026375,0.006994184350130809,0.005583553574979305,0.0,0.0,0.0,-0.0014106307751515041,2.621892961102157e-05,7.039084892432323e-05
250,8,3,CTATCGCA,0.006979460377026375,0.006994184350130809,0.00489989947527647,0.0,0.0,0.0,-0.0020942848748543392,2.621892961102157e-05,7.039084892432323e-05
250,9,4,ATATCGCA,0.3682550684451156,0.34799359936554686,0.4272441864013672,0.0,0.0,0.0,0.07925058703582033,0.11304637951804741,0.032000503199772545
250,9,4,ATATCGCA,0.3682550684451156,0.34799359936554686,0.9151546955108643,0.0,0.0,0.0,0.5671610961453174,0.11304637951804741,0.032000503199772545
250,9,4,ATATCGCA,0.3682550684451156,0.34799359936554686,0.3601418435573578,0.0,0.0,0.0,0.01214824419181093,0.11304637951804741,0.032000503199772545
250,9,4,ATATCGCA,0.3682550684451156,0.34799359936554686,0.43770331144332886,0.0,0.0,0.0,0.089709712077782,0.11304637951804741,0.032000503199772545
250,10,6,CTATCGCA,0.012047849571729918,0.012104709975446179,0.011333590373396873,0.0,0.0,0.0,-0.0007711196020493052,5.798434552085202e-05,0.0003991467678184091
250,10,6,CTATCGCA,0.012047849571729918,0.012104709975446179,0.001830774825066328,0.0,0.0,0.0,-0.01027393515037985,5.798434552085202e-05,0.0003991467678184091
250,10,6,CTATCGCA,0.012047849571729918,0.012104709975446179,0.02304382249712944,0.0,0.0,0.0,0.010939112521683262,5.798434552085202e-05,0.0003991467678184091
250,10,6,CTATCGCA,0.012047849571729918,0.012104709975446179,0.0030735498294234276,0.0,0.0,0.0,-0.009031160146022751,5.798434552085202e-05,0.0003991467678184091
250,11,5,CTATCGCA,0.18459948432933232,0.18374655940722756,0.17895326018333435,0.0015563942970813205,0.008877916696704624,0.007321522399623304,-0.00479329922389321,0.019117839700943662,0.014853215090419924
250,11,5,CTATCGCG,0.17837390714100704,0.14823489262040912,-0.02003347873687744,-0.0046691828912439615,-0.026633750090113817,-0.021964567198869855,-0.16826837135728656,0.2558302449336076,0.10513517233061798
250,11,5,CTATCGCA,0.18459948432933232,0.18374655940722756,0.3947112560272217,0.0015563942970813205,0.008877916696704624,0.007321522399623304,0.21096469661999412,0.019117839700943662,0.014853215090419924
250,11,5,CTATCGCA,0.18459948432933232,0.18374655940722756,0.03677998483181,0.0015563942970813205,0.008877916696704624,0.007321522399623304,-0.14696657457541756,0.019117839700943662,0.014853215090419924
250,12,5,CTATCGCA,0.014308290824388952,0.01439665951235174,0.026182599365711212,0.0,0.0,0.0,0.011785939853359472,4.3149245655953183e-05,0.00048499268546987884
250,12,5,CTATCGCA,0.014308290824388952,0.01439665951235174,0.012058043852448463,0.0,0.0,0.0,-0.0023386156599032766,4.3149245655953183e-05,0.00048499268546987884
250,12,5,CTATCGCA,0.014308290824388952,0.01439665951235174,0.028262045234441757,0.0,0.0,0.0,0.013865385722090017,4.3149245655953183e-05,0.00048499268546987884
250,12,5,CTATCGCA,0.014308290824388952,0.01439665951235174,0.006934205070137978,0.0,0.0,0.0,-0.0074624544422137624,4.3149245655953183e-05,0.00048499268546987884
250,13,3,CTATCGCA,0.03162524728773966,0.031317897318028,0.02302604913711548,0.017272826676917624,0.021713369907956786,0.004440543231039162,-0.008291848180912519,0.0026001259711804503,0.0016780760620454527
250,13,3,CTATCGCA,0.03162524728773966,0.031317897318028,0.034892089664936066,0.017272826676917624,0.021713369907956786,0.004440543231039162,0.0035741923469080686,0.0026001259711804503,0.0016780760620454527
250,13,3,CGATCGCG,-0.03746605941993083,-0.055535582313799146,-0.10317444801330566,-0.051818480030752866,-0.06514010972387035,-0.013321629693117489,-0.04763886569950652,0.07620769538592276,0.021999126704317806
250,13,3,CTATCGCA,0.03162524728773966,0.031317897318028,0.04036957025527954,0.017272826676917624,0.021713369907956786,0.004440543231039162,0.009051672937251544,0.0026001259711804503,0.0016780760620454527
250,14,3,CTATCGCA,0.00292514268252117,0.0029255917820856236,0.0019141413504257798,0.0,0.0,0.0,-0.0010114504316598438,6.869077806559432e-10,1.3479856011411329e-06
250,14,3,CTATCGCA,0.00292514268252117,0.0029255917820856236,0.004644822329282761,0.0,0.0,0.0,0.001719230547197137,6.869077806559432e-10,1.3479856011411329e-06
250,14,3,CTATCGCA,0.00292514268252117,0.0029255917820856236,0.0028153383173048496,0.0,0.0,0.0,-0.00011025346478077402,6.869077806559432e-10,1.3479856011411329e-06
250,14,3,CTATCGCA,0.00292514268252117,0.0029255917820856236,0.00374231138266623,0.0,0.0,0.0,0.0008167196005806066,6.869077806559432e-10,1.3479856011411329e-06
250,15,3,CGATCGCG,-0.03746605941993083,-0.055535582313799146,-0.029352247714996338,-0.035506723668750274,-0.04516957474940376,-0.009662851080653484,0.02618333459880281,0.07620769538592276,0.021999126704317806
250,15,3,CTATCGCA,0.03162524728773966,0.031317897318028,0.018548596650362015,0.033584583038920215,0.041683904882423385,0.00809932184350317,-0.012769300667665982,0.0026001259711804503,0.0016780760620454527
250,15,3,CTATCGCG,-0.03362177816027071,-0.048564242579838414,-0.12453782558441162,-0.03166244240909016,-0.038198235015443026,-0.006535792606352869,-0.07597358300457321,0.17078220033380953,0.12595480707510642
250,15,3,CTATCGCA,0.03162524728773966,0.031317897318028,0.01485888846218586,0.033584583038920215,0.041683904882423385,0.00809932184350317,-0.016459008855842137,0.0026001259711804503,0.0016780760620454527
250,16,5,CTATCGCA,0.005608670338849509,0.005606858074104437,0.009148016571998596,0.0,0.0,0.0,0.003541158497894159,3.430444817031919e-05,2.524312444496246e-05
250,16,5,CTATCGCA,0.005608670338849509,0.005606858074104437,0.012018026784062386,0.0,0.0,0.0,0.006411168709957948,3.430444817031919e-05,2.524312444496246e-05
250,16,5,CTATCGCA,0.005608670338849509,0.005606858074104437,0.0070233577862381935,0.0,0.0,0.0,0.0014164997121337564,3.430444817031919e-05,2.524312444496246e-05
250,16,5,CTATCGCA,0.005608670338849509,0.005606858074104437,0.003740736749023199,0.0,0.0,0.0,-0.001866121325081238,3.430444817031919e-05,2.524312444496246e-05
250,17,3,CTATCGCA,0.2711200858020524,0.26515046906625805,0.20555774867534637,-0.011523755342670583,-9.887846404876832e-05,0.011424876878621815,-0.05959272039091168,0.03799979731749564,0.020090947110112722
250,17,3,CTATCGCG,0.3172151071727347,0.2655459829224531,0.3025730550289154,0.03457126602801175,0.00029663539214630497,-0.034274630635865444,0.03702707210646228,0.25216692717148126,0.0971595544206365
250,17,3,CTATCGCA,0.2711200858020524,0.26515046906625805,0.205541729927063,-0.011523755342670583,-9.887846404876832e-05,0.011424876878621815,-0.059608739139195066,0.03799979731749564,0.020090947110112722
250,17,3,CTATCGCA,0.2711200858020524,0.26515046906625805,0.5411907434463501,-0.011523755342670583,-9.887846404876832e-05,0.011424876878621815,0.27604027438009204,0.03799979731749564,0.020090947110112722
250,18,4,CTATCGCA,0.03025283014821123,0.03012931929714069,0.036626238375902176,0.0,0.0,0.0,0.006496919078761487,0.00170004671354973,0.001206003309267567
250,18,4,CTATCGCA,0.03025283014821123,0.03012931929714069,0.017592184245586395,0.0,0.0,0.0,-0.012537135051554293,0.00170004671354973,0.001206003309267567
250,18,4,CTATCGCA,0.03025283014821123,0.03012931929714069,0.027607589960098267,0.0,0.0,0.0,-0.002521729337042422,0.00170004671354973,0.001206003309267567
250,18,4,CTATCGCA,0.03025283014821123,0.03012931929714069,0.017542976886034012,0.0,0.0,0.0,-0.012586342411106677,0.00170004671354973,0.001206003309267567
250,19,2,CTATCGCA,0.0031536265439287003,0.0031536262822555727,0.0031395871192216873,0.0,0.0,0.0,-1.4039163033885416e-05,5.234640498841259e-10,1.177946629127291e-13
250,19,2,CTATCGCA,0.0031536265439287003,0.0031536262822555727,0.004322467837482691,0.0,0.0,0.0,0.001168841555227118,5.234640498841259e-10,1.177946629127291e-13
250,19,2,CTATCGCA,0.0031536265439287003,0.0031536262822555727,0.003153625875711441,0.0,0.0,0.0,-4.065441316924989e-10,5.234640498841259e-10,1.177946629127291e-13
250,19,2,CTATCGCA,0.0031536265439287003,0.0031536262822555727,0.002576224273070693,0.0,0.0,0.0,-0.0005774020091848797,5.234640498841259e-10,1.177946629127291e-13
250,20,3,CTATCGCA,0.0008417504232143824,0.0008417779253149238,0.0007196653168648481,0.0,0.0,0.0,-0.00012211260845007565,5.514327633404648e-09,8.802062925750143e-08
250,20,3,CTATCGCA,0.0008417504232143824,0.0008417779253149238,0.0008178428397513926,0.0,0.0,0.0,-2.393508556353119e-05,5.514327633404648e-09,8.802062925750143e-08
250,20,3,CTATCGCA,0.0008417504232143824,0.0008417779253149238,0.0007579826633445919,0.0,0.0,0.0,-8.379526197033194e-05,5.514327633404648e-09,8.802062925750143e-08
250,20,3,CTATCGCA,0.0008417504232143824,0.0008417779253149238,0.0008037029765546322,0.0,0.0,0.0,-3.8074948760291605e-05,5.514327633404648e-09,8.802062925750143e-08
250,21,2,CTATCGCA,0.0005040938705504483,0.0005041001331846928,0.0005350212450139225,0.0,0.0,0.0,3.092111182922963e-05,7.104037358374171e-09,1.962930584742395e-08
250,21,2,CTATCGCA,0.0005040938705504483,0.0005041001331846928,0.00034282307024113834,0.0,0.0,0.0,-0.00016127706294355448,7.104037358374171e-09,1.962930584742395e-08
250,21,2,CTATCGCA,0.0005040938705504483,0.0005041001331846928,0.0005350212450139225,0.0,0.0,0.0,3.092111182922963e-05,7.104037358374171e-09,1.962930584742395e-08
250,21,2,CTATCGCA,0.0005040938705504483,0.0005041001331846928,0.0005692184204235673,0.0,0.0,0.0,6.511828723887447e-05,7.104037358374171e-09,1.962930584742395e-08
250,22,4,CTATCGCA,0.19361559691364794,0.1917913654706922,0.012523690238595009,-0.004085760288584428,0.004028627852160127,0.008114388140744555,-0.1792676752320972,0.03132651234590239,0.024029586574079387
250,22,4,CTATCGCG,0.20995863806798565,0.1756768540620517,-0.1065373420715332,0.012257280865753284,-0.012085883556480381,-0.024343164422233665,-0.2822141961335849,0.22783479418020347,0.09070765815646764
250,22,4,CTATCGCA,0.19361559691364794,0.1917913654706922,0.12887349724769592,-0.004085760288584428,0.004028627852160127,0.008114388140744555,-0.06291786822299628,0.03132651234590239,0.024029586574079387
250,22,4,CTATCGCA,0.19361559691364794,0.1917913654706922,0.07477722316980362,-0.004085760288584428,0.004028627852160127,0.008114388140744555,-0.11701414230088858,0.03132651234590239,0.024029586574079387
250,23,3,CTATCGCA,0.06224792819983158,0.062436407800305384,0.10150843858718872,0.03856107912382272,0.04015990629919639,0.001598827175373671,0.03907203078688334,0.0011432744103382353,0.0017087132117596382
250,23,3,CTATCGCA,0.06224792819983158,0.062436407800305384,0.07562659680843353,0.03856107912382272,0.04015990629919639,0.001598827175373671,0.013190189008128149,0.0011432744103382353,0.0017087132117596382
250,23,3,CTATCGCG,-0.09199638829545931,-0.09820321739648019,-0.19240963459014893,-0.11568323737146817,-0.12047971889758918,-0.004796481526121013,-0.09420641719366873,0.16282136392742608,0.14420087662436343
250,23,3,CTATCGCA,0.06224792819983158,0.062436407800305384,0.11583803594112396,0.03856107912382272,0.04015990629919639,0.001598827175373671,0.05340162814081858,0.0011432744103382353,0.0017087132117596382
250,24,2,CGATCGCG,1.316155643880866,1.4337854373734447,1.4337855577468872,0.7251143120727812,0.8887351894809401,0.1636208774081589,1.20373442547006e-07,0.005931341686772229,0.2411909286719296
250,24,2,CGGTCGCG,-1.105781241969593,-1.496805302333087,-1.9401824474334717,-1.6968225737776776,-2.0418555502255913,-0.34503297644791364,-0.44337714510038473,0.7826011571007725,0.0005530363737844546
250,24,2,CTATCGCG,0.8376352814402002,0.8094354191562161,1.2995121479034424,0.24659394963211545,0.2643851712637115,0.017791221631596077,0.4900767287472263,0.0750778756170476,0.01867815104907944
250,24,2,CGATCGCG,1.316155643880866,1.4337854373734447,0.7343529462814331,0.7251143120727812,0.8887351894809401,0.1636208774081589,-0.6994324910920116,0.005931341686772229,0.2411909286719296
250,25,3,CTATCGCA,0.06224792819983158,0.062436407800305384,0.006518328562378883,0.0,0.0,0.0,-0.0559180792379265,0.0011432744103382353,0.0017087132117596382
250,25,3,CTATCGCA,0.06224792819983158,0.062436407800305384,0.05368686467409134,0.0,0.0,0.0,-0.008749543126214045,0.0011432744103382353,0.0017087132117596382
250,25,3,CTATCGCA,0.06224792819983158,0.062436407800305384,0.05895932763814926,0.0,0.0,0.0,-0.0034770801621561223,0.0011432744103382353,0.0017087132117596382
250,25,3,CTATCGCA,0.06224792819983158,0.062436407800305384,0.008364487439393997,0.0,0.0,0.0,-0.05407192036091139,0.0011432744103382353,0.0017087132117596382
250,26,6,CGATCGCG,0.25834815079946116,0.26989891861962906,-0.0582922101020813,0.08282789611592478,0.0922746751897221,0.009446779073797318,-0.32819112872171036,0.13558118966858723,0.20488579658959472
250,26,6,CTATCGCA,0.14791095597822812,0.14686601836666627,0.2562865912914276,-0.02760929870530826,-0.03075822506324069,-0.00314892635793243,0.10942057292476134,0.01755701445942842,0.011287388790057307
250,26,6,CTATCGCA,0.14791095597822812,0.14686601836666627,0.13808026909828186,-0.02760929870530826,-0.03075822506324069,-0.00314892635793243,-0.008785749268384407,0.01755701445942842,0.011287388790057307
250,26,6,CTATCGCA,0.14791095597822812,0.14686601836666627,0.011745713651180267,-0.02760929870530826,-0.03075822506324069,-0.00314892635793243,-0.135120304715486,0.01755701445942842,0.011287388790057307
250,27,6,CTATCGCA,0.14967030873636897,0.14828449619050751,0.10687403380870819,0.1568423442582152,0.2134664322831099,0.056624088024894714,-0.04141046238179932,0.015199233800173462,0.006884358525004686
250,27,6,CTATCGCA,0.14967030873636897,0.14828449619050751,0.16211014986038208,0.1568423442582152,0.2134664322831099,0.056624088024894714,0.013825653669874566,0.015199233800173462,0.006884358525004686
250,27,6,CGATCGCG,0.2621234346146415,0.2744364170485172,-0.1822901964187622,0.2692954701364877,0.33961835314111954,0.07032288300463185,-0.4567266134672794,0.12427716478433792,0.19815505938759204
250,27,6,CGGTCGCG,-0.5901521941747644,-0.8317331537999418,-1.1898335218429565,-0.5829801586529182,-0.7665512177073395,-0.18357105905442128,-0.3581003680430147,1.4529780922162718,0.0034923344652072474
250,28,5,CTATCGCA,0.061504944201794795,0.0618199331061831,0.04766705632209778,0.0,0.0,0.0,-0.01415287678408532,0.0005782042735466841,0.0021531487954882245
250,28,5,CTATCGCA,0.061504944201794795,0.0618199331061831,0.032288696616888046,0.0,0.0,0.0,-0.02953123648929505,0.0005782042735466841,0.0021531487954882245
250,28,5,CTATCGCA,0.061504944201794795,0.0618199331061831,0.028165016323328018,0.0,0.0,0.0,-0.03365491678285508,0.0005782042735466841,0.0021531487954882245
250,28,5,CTATCGCA,0.061504944201794795,0.0618199331061831,0.012904483824968338,0.0,0.0,0.0,-0.04891544928121476,0.0005782042735466841,0.0021531487954882245
250,29,4,CTATCGCA,0.030583528563392734,0.030354707441347273,0.006383752916008234,0.01643352219644736,0.019022158551535995,0.002588636355088634,-0.02397095452533904,0.0023518893582835654,0.0014366048701017209
250,29,4,CTATCGCA,0.030583528563392734,0.030354707441347273,0.02872244268655777,0.01643352219644736,0.019022158551535995,0.002588636355088634,-0.001632264754789503,0.0023518893582835654,0.0014366048701017209
250,29,4,CTATCGCG,-0.03515056022239671,-0.045733926764796706,-0.021782338619232178,-0.04930056658934208,-0.057066475654607984,-0.007765909065265905,0.02395158814556453,0.16885978540662583,0.12652631923702584
250,29,4,CTATCGCA,0.030583528563392734,0.030354707441347273,0.026743292808532715,0.01643352219644736,0.019022158551535995,0.002588636355088634,-0.003611414632814558,0.0023518893582835654,0.0014366048701017209
250,30,2,CTATCGCA,0.012789960121095345,0.012800335584870481,0.012800224125385284,0.0,0.0,0.0,-1.1145948519697413e-07,1.1732569257127956e-05,3.248349680740059e-05
250,30,2,CTATCGCA,0.012789960121095345,0.012800335584870481,0.016350869089365005,0.0,0.0,0.0,0.003550533504494524,1.1732569257127956e-05,3.248349680740059e-05
250,30,2,CTATCGCA,0.012789960121095345,0.012800335584870481,0.01470990851521492,0.0,0.0,0.0,0.0019095729303444386,1.1732569257127956e-05,3.248349680740059e-05
250,30,2,CTATCGCA,0.012789960121095345,0.012800335584870481,0.016350869089365005,0.0,0.0,0.0,0.003550533504494524,1.1732569257127956e-05,3.248349680740059e-05
250,31,3,CTATCGCA,0.007263594555706336,0.0072653914473346974,0.007158145308494568,0.0,0.0,0.0,-0.00010724613884012957,1.6164585954575594e-05,2.155526083966186e-05
250,31,3,CTATCGCA,0.007263594555706336,0.0072653914473346974,0.0074293771758675575,0.0,0.0,0.0,0.00016398572853286008,1.6164585954575594e-05,2.155526083966186e-05
250,31,3,CTATCGCA,0.007263594555706336,0.0072653914473346974,0.00728544220328331,0.0,0.0,0.0,2.005075594861249e-05,1.6164585954575594e-05,2.155526083966186e-05
250,31,3,CTATCGCA,0.007263594555706336,0.0072653914473346974,0.0037266146391630173,0.0,0.0,0.0,-0.00353877680817168,1.6164585954575594e-05,2.155526083966186e-05
500,0,1,CTATCGCA,4.3987260141875595e-05,4.3987260141875595e-05,4.3987260141875595e-05,0.0,0.0,0.0,0.0,0.0,0.0
500,0,1,CTATCGCA,4.3987260141875595e-05,4.3987260141875595e-05,4.3987260141875595e-05,0.0,0.0,0.0,0.0,0.0,0.0
500,0,1,CTATCGCA,4.3987260141875595e-05,4.3987260141875595e-05,4.3987260141875595e-05,0.0,0.0,0.0,0.0,0.0,0.0
500,0,1,CTATCGCA,4.3987260141875595e-05,4.3987260141875595e-05,4.3987260141875595e-05,0.0,0.0,0.0,0.0,0.0,0.0
500,1,7,CTATCGCA,0.24390642647283042,0.2406849317305486,0.048118237406015396,-0.024254916447803337,-0.027377568311372835,-0.0031226518635694978,-0.19256669432453322,0.03342970012558921,0.010879236929616454
500,1,7,CGATCGCG,0.34092609226404386,0.35019520497603984,0.2379559576511383,0.0727647493434101,0.0821327049341184,0.009367955590708299,-0.11223924732490154,0.12062544565308864,0.1855092346370606
500,1,7,CTATCGCA,0.24390642647283042,0.2406849317305486,0.038256626576185226,-0.024254916447803337,-0.027377568311372835,-0.0031226518635694978,-0.20242830515436339,0.03342970012558921,0.010879236929616454
500,1,7,CTATCGCA,0.24390642647283042,0.2406849317305486,0.22466297447681427,-0.024254916447803337,-0.027377568311372835,-0.0031226518635694978,-0.016021957253734342,0.03342970012558921,0.010879236929616454
500,2,4,CTATCGCA,0.04843951433377307,0.0486424560954124,0.05932551249861717,0.0,0.0,0.0,0.010683056403204771,0.0008846987864286615,0.0016964658329859938
500,2,4,CTATCGCA,0.04843951433377307,0.0486424560954124,0.006051840726286173,0.0,0.0,0.0,-0.04259061536912623,0.0008846987864286615,0.0016964658329859938
500,2,4,CTATCGCA,0.04843951433377307,0.0486424560954124,0.02517845295369625,0.0,0.0,0.0,-0.02346400314171615,0.0008846987864286615,0.0016964658329859938
500,2,4,CTATCGCA,0.04843951433377307,0.0486424560954124,0.032341670244932175,0.0,0.0,0.0,-0.016300785850480226,0.0008846987864286615,0.0016964658329859938
500,3,4,CTATATAT,0.3920852215302231,0.39403956289194575,0.16279791295528412,0.23636973946540543,0.2384053964723159,0.0020356570069104685,-0.23124164993666163,0.0447435656883155,0.05256093113520599
500,3,4,CTATAGCA,-0.08065425740058775,-0.08277123005268605,-0.0554673932492733,-0.23636973946540546,-0.2384053964723159,-0.0020356570069104407,0.02730383680341275,0.009269606313004886,0.000801715704611683
500,3,4,CTATAGCA,-0.08065425740058775,-0.08277123005268605,-0.009405083954334259,-0.23636973946540546,-0.2384053964723159,-0.0020356570069104407,0.07336614609835179,0.009269606313004886,0.000801715704611683
500,3,4,CTATATAT,0.3920852215302231,0.39403956289194575,0.3480127155780792,0.23636973946540543,0.2384053964723159,0.0020356570069104685,-0.046026847313866526,0.0447435656883155,0.05256093113520599
500,4,5,CTATCGCA,0.014053392478643068,0.01413551244131508,0.018541056662797928,0.05939899732737765,0.058613394362847196,-0.0007856029645304519,0.0044055442214828485,7.439287210981443e-05,0.00048499268546987884
500,4,5,CTATCGCC,-0.22354259683086752,-0.22031806501007373,-0.41189444065093994,-0.17819699198213296,-0.1758401830885416,0.0023568088935913556,-0.19157637564086621,0.8013044248933747,0.8174270839973437
500,4,5,CTATCGCA,0.014053392478643068,0.01413551244131508,0.011721836403012276,0.05939899732737765,0.058613394362847196,-0.0007856029645304519,-0.0024136760383028037,7.439287210981443e-05,0.00048499268546987884
500,4,5,CTATCGCA,0.014053392478643068,0.01413551244131508,0.011927938088774681,0.05939899732737765,0.058613394362847196,-0.0007856029645304519,-0.0022075743525403983,7.439287210981443e-05,0.00048499268546987884
500,5,5,CTATCGCA,0.021674116766482936,0.021727226695035108,0.00548685435205698,0.012290927230894687,0.013926844298035944,0.0016359170671412567,-0.016240372342978128,0.001720021099317376,0.0019855707420782243
500,5,5,CTATCGCA,0.021674116766482936,0.021727226695035108,0.023408889770507812,0.012290927230894687,0.013926844298035944,0.0016359170671412567,0.0016816630754727044,0.001720021099317376,0.0019855707420782243
500,5,5,CTATCGCA,0.021674116766482936,0.021727226695035108,0.01716736890375614,0.012290927230894687,0.013926844298035944,0.0016359170671412567,-0.0045598577912789665,0.001720021099317376,0.0019855707420782243
500,5,5,CGATCGCG,-0.02748959215709581,-0.033980150497108674,-0.05292189121246338,-0.036872781692684056,-0.04178053289410784,-0.004907751201423782,-0.018941740715354705,0.08276403050010162,0.050311238800037295
500,6,3,CTATCGCA,0.0028807538470681238,0.002880977901491407,0.004523970652371645,0.0,0.0,0.0,0.001642992750880238,4.617378590587862e-08,7.183370557550806e-07
500,6,3,CTATCGCA,0.0028807538470681238,0.002880977901491407,0.003949558362364769,0.0,0.0,0.0,0.001068580460873362,4.617378590587862e-08,7.183370557550806e-07
500,6,3,CTATCGCA,0.0028807538470681238,0.002880977901491407,0.002031348878517747,0.0,0.0,0.0,-0.00084962902297366,4.617378590587862e-08,7.183370557550806e-07
500,6,3,CTATCGCA,0.0028807538470681238,0.002880977901491407,0.0024081317242234945,0.0,0.0,0.0,-0.00047284617726791245,4.617378590587862e-08,7.183370557550806e-07
500,7,5,CTATCGCA,0.1670665987808235,0.1653573563807864,0.02705965004861355,0.0,0.0,0.0,-0.13829770633217287,0.017491907269142293,0.008945695268956833
500,7,5,CTATCGCA,0.1670665987808235,0.1653573563807864,0.012676018290221691,0.0,0.0,0.0,-0.15268133809056472,0.017491907269142293,0.008945695268956833
500,7,5,CTATCGCA,0.1670665987808235,0.1653573563807864,0.016835641115903854,0.0,0.0,0.0,-0.14852171526488256,0.017491907269142293,0.008945695268956833
500,7,5,CTATCGCA,0.1670665987808235,0.1653573563807864,0.14261001348495483,0.0,0.0,0.0,-0.02274734289583158,0.017491907269142293,0.008945695268956833
500,8,5,CGATCGCG,0.32474090996818916,0.3404054727733456,0.4595496654510498,0.12029938917204175,0.1327779728634526,0.01247858369141086,0.11914419267770421,0.15479501398763862,0.23311782801342096
500,8,5,CTATCGCA,0.16434172440546685,0.16336817562207545,0.045130159705877304,-0.040099796390680564,-0.044259324287817536,-0.004159527897136972,-0.11823801591619815,0.0220475587689562,0.017179814851999264
500,8,5,CTATCGCA,0.16434172440546685,0.16336817562207545,0.15010255575180054,-0.040099796390680564,-0.044259324287817536,-0.004159527897136972,-0.013265619870274914,0.0220475587689562,0.017179814851999264
500,8,5,CTATCGCA,0.16434172440546685,0.16336817562207545,0.05123930051922798,-0.040099796390680564,-0.044259324287817536,-0.004159527897136972,-0.11212887510284747,0.0220475587689562,0.017179814851999264
500,9,6,CTATCGCA,0.006387133135621642,0.0051446748140935306,0.008093081414699554,0.0,0.0,0.0,0.002948406600606024,0.009566104681590193,0.0021113547524215237
500,9,6,CTATCGCA,0.006387133135621642,0.0051446748140935306,-0.0005018562078475952,0.0,0.0,0.0,-0.005646531021941126,0.009566104681590193,0.0021113547524215237
500,9,6,CTATCGCA,0.006387133135621642,0.0051446748140935306,-0.005536135286092758,0.0,0.0,0.0,-0.010680810100186289,0.009566104681590193,0.0021113547524215237
500,9,6,CTATCGCA,0.006387133135621642,0.0051446748140935306,0.02232474461197853,0.0,0.0,0.0,0.017180069797885,0.009566104681590193,0.0021113547524215237
500,10,4,CTATCGCA,0.007633889420288011,0.007642025428045485,0.00406358577311039,0.0,0.0,0.0,-0.003578439654935095,7.750474354320525e-06,4.029450538421686e-05
500,10,4,CTATCGCA,0.007633889420288011,0.007642025428045485,0.00969497486948967,0.0,0.0,0.0,0.002052949441444185,7.750474354320525e-06,4.029450538421686e-05
500,10,4,CTATCGCA,0.007633889420288011,0.007642025428045485,0.0015026956098154187,0.0,0.0,0.0,-0.006139329818230066,7.750474354320525e-06,4.029450538421686e-05
500,10,4,CTATCGCA,0.007633889420288011,0.007642025428045485,0.01014071423560381,0.0,0.0,0.0,0.0024986888075583247,7.750474354320525e-06,4.029450538421686e-05
500,11,2,CTATCGCA,0.003461862027529128,0.0034630262198334094,0.002075898926705122,0.0,0.0,0.0,-0.0013871272931282874,4.949529421871546e-07,2.82333755075026e-06
500,11,2,CTATCGCA,0.003461862027529128,0.0034630262198334094,0.006237281020730734,0.0,0.0,0.0,0.0027742548008973245,4.949529421871546e-07,2.82333755075026e-06
500,11,2,CTATCGCA,0.003461862027529128,0.0034630262198334094,0.005460315849632025,0.0,0.0,0.0,0.0019972896297986154,4.949529421871546e-07,2.82333755075026e-06
500,11,2,CTATCGCA,0.003461862027529128,0.0034630262198334094,0.0014657371211797,0.0,0.0,0.0,-0.0019972890986537095,4.949529421871546e-07,2.82333755075026e-06
500,12,5,CTATCGCA,0.038754598765384854,0.038893613840672005,0.0640922337770462,0.0,0.0,0.0,0.0251986199363742,0.0006281261178781999,0.0013232014943139747
500,12,5,CTATCGCA,0.038754598765384854,0.038893613840672005,0.029285019263625145,0.0,0.0,0.0,-0.00960859457704686,0.0006281261178781999,0.0013232014943139747
500,12,5,CTATCGCA,0.038754598765384854,0.038893613840672005,0.051885224878787994,0.0,0.0,0.0,0.01299161103811599,0.0006281261178781999,0.0013232014943139747
500,12,5,CTATCGCA,0.038754598765384854,0.038893613840672005,0.0701291635632515,0.0,0.0,0.0,0.03123554972257949,0.0006281261178781999,0.0013232014943139747
500,13,2,CTATCGCA,0.0038440871344482264,0.003844692695508911,0.004912689793854952,0.0,0.0,0.0,0.0010679970983460407,3.43924888568381e-12,1.2111255606184201e-06
500,13,2,CTATCGCA,0.0038440871344482264,0.003844692695508911,0.005061897449195385,0.0,0.0,0.0,0.0012172047536864739,3.43924888568381e-12,1.2111255606184201e-06
500,13,2,CTATCGCA,0.0038440871344482264,0.003844692695508911,0.0038447221741080284,0.0,0.0,0.0,2.947859911728301e-08,3.43924888568381e-12,1.2111255606184201e-06
500,13,2,CTATCGCA,0.0038440871344482264,0.003844692695508911,0.0014103708090260625,0.0,0.0,0.0,-0.0024343218864828486,3.43924888568381e-12,1.2111255606184201e-06
500,14,5,CTATCGCG,-0.0641916110608581,-0.04688809271750163,-0.07803696393966675,-0.13231279061777493,-0.11821502307568096,0.014097767542093964,-0.03114887122216512,0.12423900254556175,0.21075659426234417
500,14,5,CTATCGCA,0.11222544309617513,0.110731938050073,0.03226150944828987,0.04410426353925831,0.03940500769189366,-0.00469925584736465,-0.07847042860178313,0.008752810261641653,0.0012852850311310116
500,14,5,CTATCGCA,0.11222544309617513,0.110731938050073,0.18735280632972717,0.04410426353925831,0.03940500769189366,-0.00469925584736465,0.07662086827965417,0.008752810261641653,0.0012852850311310116
500,14,5,CTATCGCA,0.11222544309617513,0.110731938050073,0.0909566879272461,0.04410426353925831,0.03940500769189366,-0.00469925584736465,-0.01977525012282691,0.008752810261641653,0.0012852850311310116
500,15,2,CAATATAT,-0.023448074653724782,-0.02359504638297949,-0.023595064878463745,-0.09907846864878841,-0.0988046710854178,0.0002737975633706202,-1.849548425525427e-08,0.0003193718352095809,2.5428376700165067e-05
500,15,2,CGATATAT,0.3728657999414289,0.3716236379586917,0.34846436977386475,0.2972354059463652,0.2964140132562534,-0.0008213926901118329,-0.023159268184826942,0.0029463617189517954,0.0004620377534774178
500,15,2,CAATATAT,-0.023448074653724782,-0.02359504638297949,-0.007135279476642609,-0.09907846864878841,-0.0988046710854178,0.0002737975633706202,0.01645976690633688,0.0003193718352095809,2.5428376700165067e-05
500,15,2,CAATATAT,-0.023448074653724782,-0.02359504638297949,-0.01993320882320404,-0.09907846864878841,-0.0988046710854178,0.0002737975633706202,0.0036618375597754493,0.0003193718352095809,2.5428376700165067e-05
500,16,4,CTATCGCA,0.05277020071659436,0.05276344731595506,0.057062819600105286,0.0,0.0,0.0,0.004299372284150227,0.0008199366140229369,0.0007929230114657182
500,16,4,CTATCGCA,0.05277020071659436,0.05276344731595506,0.06514360010623932,0.0,0.0,0.0,0.01238015279028426,0.0008199366140229369,0.0007929230114657182
500,16,4,CTATCGCA,0.05277020071659436,0.05276344731595506,0.0756554901599884,0.0,0.0,0.0,0.022892042844033345,0.0008199366140229369,0.0007929230114657182
500,16,4,CTATCGCA,0.05277020071659436,0.05276344731595506,0.05306759476661682,0.0,0.0,0.0,0.0003041474506617625,0.0008199366140229369,0.0007929230114657182
500,17,3,CTATCGCA,0.0005818229115112835,0.0005818368794971995,0.00040103698847815394,0.0,0.0,0.0,-0.0001807998910190456,1.8909426330315782e-08,6.081338407848413e-08
500,17,3,CTATCGCA,0.0005818229115112835,0.0005818368794971995,0.0006392690120264888,0.0,0.0,0.0,5.743213252928925e-05,1.8909426330315782e-08,6.081338407848413e-08
500,17,3,CTATCGCA,0.0005818229115112835,0.0005818368794971995,0.0006028854986652732,0.0,0.0,0.0,2.1048619168073657e-05,1.8909426330315782e-08,6.081338407848413e-08
500,17,3,CTATCGCA,0.0005818229115112835,0.0005818368794971995,0.0004509445861913264,0.0,0.0,0.0,-0.00013089229330587315,1.8909426330315782e-08,6.081338407848413e-08
500,18,5,TTTACGCC,0.016543380182020027,0.014689588137243881,0.020771104842424393,0.0,0.0,0.0,0.0060815167051805116,0.011379682477791309,0.0021107222539105686
500,18,5,TTTACGCC,0.016543380182020027,0.014689588137243881,0.020098894834518433,0.0,0.0,0.0,0.0054093066972745515,0.011379682477791309,0.0021107222539105686
500,18,5,TTTACGCC,0.016543380182020027,0.014689588137243881,0.05007798224687576,0.0,0.0,0.0,0.035388394109631884,0.011379682477791309,0.0021107222539105686
500,18,5,TTTACGCC,0.016543380182020027,0.014689588137243881,0.011634841561317444,0.0,0.0,0.0,-0.0030547465759264373,0.011379682477791309,0.0021107222539105686
500,19,2,CTATCGCA,0.005355978794790661,0.005356394991395064,0.006874676328152418,0.0,0.0,0.0,0.0015182813367573544,2.0789316379499212e-08,8.531825251845149e-07
500,19,2,CTATCGCA,0.005355978794790661,0.005356394991395064,0.004903097171336412,0.0,0.0,0.0,-0.00045329782005865127,2.0789316379499212e-08,8.531825251845149e-07
500,19,2,CTATCGCA,0.005355978794790661,0.005356394991395064,0.007327974308282137,0.0,0.0,0.0,0.0019715793168870732,2.0789316379499212e-08,8.531825251845149e-07
500,19,2,CTATCGCA,0.005355978794790661,0.005356394991395064,0.00034825311740860343,0.0,0.0,0.0,-0.00500814187398646,2.0789316379499212e-08,8.531825251845149e-07
500,20,2,CGATCGCG,0.001211773128562521,0.0012117912319808966,0.0010433169081807137,0.0,0.0,0.0,-0.0001684743238001829,7.469461626996576e-08,1.1090145302095067e-07
500,20,2,CGATCGCG,0.001211773128562521,0.0012117912319808966,0.001211850787512958,0.0,0.0,0.0,5.955553206149489e-08,7.469461626996576e-08,1.1090145302095067e-07
500,20,2,CGATCGCG,0.001211773128562521,0.0012117912319808966,0.0005340843927115202,0.0,0.0,0.0,-0.0006777068392693764,7.469461626996576e-08,1.1090145302095067e-07
500,20,2,CGATCGCG,0.001211773128562521,0.0012117912319808966,0.0010433169081807137,0.0,0.0,0.0,-0.0001684743238001829,7.469461626996576e-08,1.1090145302095067e-07
500,21,3,CTATCGCA,0.0037557909486619447,0.0037570721890224,0.004537950269877911,0.0,0.0,0.0,0.0007808780808555107,9.166947867456088e-08,3.93539056003922e-06
500,21,3,CTATCGCA,0.0037557909486619447,0.0037570721890224,0.004784488584846258,0.0,0.0,0.0,0.0010274163958238582,9.166947867456088e-08,3.93539056003922e-06
500,21,3,CTATCGCA,0.0037557909486619447,0.0037570721890224,0.004215345252305269,0.0,0.0,0.0,0.0004582730632828693,9.166947867456088e-08,3.93539056003922e-06
500,21,3,CTATCGCA,0.0037557909486619447,0.0037570721890224,0.007372050546109676,0.0,0.0,0.0,0.0036149783570872764,9.166947867456088e-08,3.93539056003922e-06
500,22,5,CTATCGCG,0.18550246340855442,0.15009127360682495,0.09318941831588745,-0.033752706579209424,-0.06354938947628277,-0.02979668289707335,-0.0569018552909375,0.28030821381346316,0.10325226480481575
500,22,5,CGATCGCG,0.34261011665595004,0.36087585458968563,0.6016800403594971,0.1233549466681862,0.1472351915065779,0.023880244838391712,0.24080418576981144,0.1326427020010672,0.22397139166974522
500,22,5,CTATCGCA,0.17445404994327546,0.17179776206796013,0.13079394400119781,-0.044801120044488385,-0.04184290101514759,0.0029582190293407917,-0.041003818066762315,0.023814935257895464,0.0105334958813188
500,22,5,CTATCGCA,0.17445404994327546,0.17179776206796013,0.3023103177547455,-0.044801120044488385,-0.04184290101514759,0.0029582190293407917,0.13051255568678535,0.023814935257895464,0.0105334958813188
500,23,6,CTATCGCG,0.19416259086880014,0.17055092053226772,0.04230862855911255,0.009835561314296942,0.014068448473376266,0.004232887159079324,-0.12824229197315518,0.26323229245637725,0.12156227043718282
500,23,6,CTATCGCA,0.1990354086460524,0.1973363728797667,0.006513165310025215,0.014708379091549206,0.040853900820875255,0.02614552172932605,-0.1908232075697415,0.018192721898244224,0.0079985073005302
500,23,6,CTATCGCC,0.1450747100571078,0.0607062219437647,0.5022581219673157,-0.03925231949739541,-0.09577625011512675,-0.05652393061773134,0.441551900023551,1.4370448332133874,0.9308339045333289
500,23,6,CTATCGCA,0.1990354086460524,0.1973363728797667,0.18778768181800842,0.014708379091549206,0.040853900820875255,0.02614552172932605,-0.009548691061758291,0.018192721898244224,0.0079985073005302
500,24,4,CTATCGCA,0.004016356648601987,0.004016616442015675,0.005658476613461971,0.0,0.0,0.0,0.0016418601714462966,1.3750210002411167e-05,1.4789383657162758e-05
500,24,4,CTATCGCA,0.004016356648601987,0.004016616442015675,0.0033355876803398132,0.0,0.0,0.0,-0.0006810287616758615,1.3750210002411167e-05,1.4789383657162758e-05
500,24,4,CTATCGCA,0.004016356648601987,0.004016616442015675,0.004286513663828373,0.0,0.0,0.0,0.00026989722181269826,1.3750210002411167e-05,1.4789383657162758e-05
500,24,4,CTATCGCA,0.004016356648601987,0.004016616442015675,0.0033499684650450945,0.0,0.0,0.0,-0.0006666479769705802,1.3750210002411167e-05,1.4789383657162758e-05
500,25,3,CTATCGCA,0.0004909009091575897,0.0004909156046599694,0.0006303054979071021,0.0,0.0,0.0,0.0001393898932471327,4.5073756532731934e-08,8.916026367211671e-08
500,25,3,CTATCGCA,0.0004909009091575897,0.0004909156046599694,0.0005381634109653533,0.0,0.0,0.0,4.724780630538383e-05,4.5073756532731934e-08,8.916026367211671e-08
500,25,3,CTATCGCA,0.0004909009091575897,0.0004909156046599694,0.0006123929633758962,0.0,0.0,0.0,0.0001214773587159268,4.5073756532731934e-08,8.916026367211671e-08
500,25,3,CTATCGCA,0.0004909009091575897,0.0004909156046599694,0.0005669994279742241,0.0,0.0,0.0,7.608382331425467e-05,4.5073756532731934e-08,8.916026367211671e-08
500,26,3,CTATCGCA,0.0022402511534153715,0.002238477283046677,0.0029707024805247784,0.0,0.0,0.0,0.0007322251974781016,5.8641313502305614e-06,5.425202441455834e-07
500,26,3,CTATCGCA,0.0022402511534153715,0.002238477283046677,0.0026591187343001366,0.0,0.0,0.0,0.00042064145125345976,5.8641313502305614e-06,5.425202441455834e-07
500,26,3,CTATCGCA,0.0022402511534153715,0.002238477283046677,0.0037933322601020336,0.0,0.0,0.0,0.0015548549770553568,5.8641313502305614e-06,5.425202441455834e-07
500,26,3,CTATCGCA,0.0022402511534153715,0.002238477283046677,0.002503015100955963,0.0,0.0,0.0,0.0002645378179092863,5.8641313502305614e-06,5.425202441455834e-07
500,27,4,CTATCGCA,0.02863481808128837,0.028647331542742904,0.014997990801930428,0.043790450712006185,0.047063527648977754,0.0032730769369715695,-0.013649340740812477,0.0014352555869679429,0.001485309432786075
500,27,4,CTATCGCA,0.02863481808128837,0.028647331542742904,0.01150711253285408,0.043790450712006185,0.047063527648977754,0.0032730769369715695,-0.017140219009888824,0.0014352555869679429,0.001485309432786075
500,27,4,CGATCGCG,-0.03645475318522795,-0.0438284609922448,0.024071164429187775,-0.021299120554510137,-0.02541226488600995,-0.004113144331499813,0.06789962542143257,0.05105696406766791,0.021562132839600512
500,27,4,CTATCGCG,-0.08143741350022005,-0.08713098651818041,-0.08142656087875366,-0.06628178086950223,-0.06871479041194556,-0.0024330095424433262,0.005704425639426747,0.14717271332699866,0.12439842125515721
500,28,5,CTATCGCA,0.0033959929147274843,0.0033946780225445395,0.0029495235066860914,0.0,0.0,0.0,-0.0004451545158584481,2.0831650219451867e-05,1.4257189304724832e-05
500,28,5,CTATCGCA,0.0033959929147274843,0.0033946780225445395,0.00400397926568985,0.0,0.0,0.0,0.0006093012431453103,2.0831650219451867e-05,1.4257189304724832e-05
500,28,5,CTATCGCA,0.0033959929147274843,0.0033946780225445395,0.004969065077602863,0.0,0.0,0.0,0.0015743870550583238,2.0831650219451867e-05,1.4257189304724832e-05
500,28,5,CTATCGCA,0.0033959929147274843,0.0033946780225445395,0.0033020381815731525,0.0,0.0,0.0,-9.263984097138698e-05,2.0831650219451867e-05,1.4257189304724832e-05
500,29,2,CTATCGCA,0.003461862027529128,0.0034630262198334094,0.002852864796295762,0.0,0.0,0.0,-0.0006101614235376474,4.949529421871546e-07,2.82333755075026e-06
500,29,2,CTATCGCA,0.003461862027529128,0.0034630262198334094,0.005460315849632025,0.0,0.0,0.0,0.0019972896297986154,4.949529421871546e-07,2.82333755075026e-06
500,29,2,CTATCGCA,0.003461862027529128,0.0034630262198334094,0.002852864796295762,0.0,0.0,0.0,-0.0006101614235376474,4.949529421871546e-07,2.82333755075026e-06
500,29,2,CTATCGCA,0.003461862027529128,0.0034630262198334094,0.002075898926705122,0.0,0.0,0.0,-0.0013871272931282874,4.949529421871546e-07,2.82333755075026e-06
500,30,3,CTATCGCA,0.0037557909486619447,0.0037570721890224,0.00425954582169652,0.0,0.0,0.0,0.0005024736326741199,9.166947867456088e-08,3.93539056003922e-06
500,30,3,CTATCGCA,0.0037557909486619447,0.0037570721890224,0.0034952587448060513,0.0,0.0,0.0,-0.00026181344421634866,9.166947867456088e-08,3.93539056003922e-06
500,30,3,CTATCGCA,0.0037557909486619447,0.0037570721890224,0.0023861993104219437,0.0,0.0,0.0,-0.0013708728786004563,9.166947867456088e-08,3.93539056003922e-06
500,30,3,CTATCGCA,0.0037557909486619447,0.0037570721890224,0.00425954582169652,0.0,0.0,0.0,0.0005024736326741199,9.166947867456088e-08,3.93539056003922e-06
500,31,4,CTATCGCA,0.0005355737356300006,0.0005355656021492905,0.0006772358901798725,0.0,0.0,0.0,0.00014167028803058201,2.335026725100442e-07,2.0096874966957223e-07
500,31,4,CTATCGCA,0.0005355737356300006,0.0005355656021492905,0.0007548878784291446,0.0,0.0,0.0,0.00021932227627985412,2.335026725100442e-07,2.0096874966957223e-07
500,31,4,CTATCGCA,0.0005355737356300006,0.0005355656021492905,0.0006012117373757064,0.0,0.0,0.0,6.564613522641594e-05,2.335026725100442e-07,2.0096874966957223e-07
500,31,4,CTATCGCA,0.0005355737356300006,0.0005355656021492905,0.0004567047581076622,0.0,0.0,0.0,-7.88608440416283e-05,2.335026725100442e-07,2.0096874966957223e-07
1000,0,5,CGATCGCG,0.33827673042860035,0.3551709150077512,0.18821203708648682,0.13462997452793124,0.15709498010411566,0.022465005576184416,-0.1669588779212644,0.1112214754680696,0.1956923983638239
1000,0,5,CTATCGCA,0.15104458194831624,0.1477222040505774,0.13095280528068542,-0.052602173952352865,-0.050353730853058165,0.0022484430992947,-0.016769398769891974,0.025557584757650964,0.008945695268956833
1000,0,5,CTATCGCA,0.15104458194831624,0.1477222040505774,0.09984474629163742,-0.052602173952352865,-0.050353730853058165,0.0022484430992947,-0.04787745775893998,0.025557584757650964,0.008945695268956833
1000,0,5,CTATCGCG,0.1742211292774436,0.1416884165056363,0.10095778107643127,-0.02942562662322551,-0.05638751839799927,-0.02696189177477376,-0.04073063542920502,0.2546835602798603,0.0920199964208237
1000,1,6,CTATCGCA,0.1249434923935721,0.12329967565097795,0.0034208856523036957,0.12375156570139632,0.2804230919215452,0.15667152622014885,-0.11987878999867425,0.023850724973555504,0.013987824517990743
1000,1,6,CTATCGCA,0.1249434923935721,0.12329967565097795,0.008045228198170662,0.12375156570139632,0.2804230919215452,0.15667152622014885,-0.11525444745280729,0.023850724973555504,0.013987824517990743
1000,1,6,CGGTCGCG,-0.3700627704120132,-0.9983926920352028,-0.9324581623077393,-0.37125469710418896,-0.8412692757646355,-0.47001457866044655,0.0659345297274635,3.7792723531341768,0.009292823395039562
1000,1,6,CTATCGCA,0.1249434923935721,0.12329967565097795,0.16239428520202637,0.12375156570139632,0.2804230919215452,0.15667152622014885,0.03909460955104842,0.023850724973555504,0.013987824517990743
1000,2,4,CTATCGCA,0.005497001783496056,0.0054757014907466095,0.004618622362613678,0.0,0.0,0.0,-0.0008570791281329315,0.00010710433410904968,2.190316311126428e-05
1000,2,4,CTATCGCA,0.005497001783496056,0.0054757014907466095,0.006080498918890953,0.0,0.0,0.0,0.0006047974281443436,0.00010710433410904968,2.190316311126428e-05
1000,2,4,CTATCGCA,0.005497001783496056,0.0054757014907466095,0.003015351016074419,0.0,0.0,0.0,-0.0024603504746721905,0.00010710433410904968,2.190316311126428e-05
1000,2,4,CTATCGCA,0.005497001783496056,0.0054757014907466095,0.010484332218766212,0.0,0.0,0.0,0.005008630728019603,0.00010710433410904968,2.190316311126428e-05
1000,3,4,CGATCGCG,0.041673183083846044,0.04283870438333359,0.01651814579963684,0.015035519593507525,0.015721681770655055,0.0006861621771475299,-0.02632055858369675,0.0112739549049512,0.015936040102901394
1000,3,4,CTATCGCA,0.02162582362583601,0.021876462022460186,0.013645026832818985,-0.005011839864502508,-0.005240560590218352,-0.0002287207257158433,-0.0082314351896412,0.0008814955009933678,0.0018840490874900695
1000,3,4,CTATCGCA,0.02162582362583601,0.021876462022460186,0.018644656985998154,-0.005011839864502508,-0.005240560590218352,-0.0002287207257158433,-0.003231805036462032,0.0008814955009933678,0.0018840490874900695
1000,3,4,CTATCGCA,0.02162582362583601,0.021876462022460186,0.019967298954725266,-0.005011839864502508,-0.005240560590218352,-0.0002287207257158433,-0.0019091630677349203,0.0008814955009933678,0.0018840490874900695
1000,4,6,CTATCGCA,0.04726939343851037,0.04734899674834869,0.004705746192485094,0.015575831196698711,0.01655987886993937,0.0009840476732406594,-0.0426432505558636,0.0012391667478567486,0.0017167866068866777
1000,4,6,CTATCGCA,0.04726939343851037,0.04734899674834869,0.029888015240430832,0.015575831196698711,0.01655987886993937,0.0009840476732406594,-0.01746098150791786,0.0012391667478567486,0.0017167866068866777
1000,4,6,CTATCGCA,0.04726939343851037,0.04734899674834869,0.06231445074081421,0.015575831196698711,0.01655987886993937,0.0009840476732406594,0.014965453992465516,0.0012391667478567486,0.0017167866068866777
1000,4,6,CTATCGCG,-0.015033931348284494,-0.01889051873140879,-0.11213111877441406,-0.04672749359009615,-0.04967963660981811,-0.0029521430197219645,-0.09324060004300527,0.16455955250842136,0.14142002820967559
1000,5,5,CTATCGCA,0.005322844977479565,0.005321149404096915,0.00434728991240263,0.05285477418514816,0.07674209416726106,0.023887319982112902,-0.0009738594916942848,4.7846128950881917e-05,3.936826203762567e-05
1000,5,5,CTATCGCA,0.005322844977479565,0.005321149404096915,0.0020220568403601646,0.05285477418514816,0.07674209416726106,0.023887319982112902,-0.00329909256373675,4.7846128950881917e-05,3.936826203762567e-05
1000,5,5,CTATCGCA,0.005322844977479565,0.005321149404096915,0.007348381914198399,0.05285477418514816,0.07674209416726106,0.023887319982112902,0.002027232510101484,4.7846128950881917e-05,3.936826203762567e-05
1000,5,5,CTATCGAA,-0.20609625176311308,-0.3016472272649473,-0.3762223720550537,-0.15856432255544448,-0.23022628250178317,-0.0716619599463387,-0.0745751447901064,0.5134447686214951,0.03568989111232401
1000,6,7,TTTAGGCC,-0.0157321854037068,-0.06590915554561835,0.03542255237698555,0.0,0.0,0.0,0.1013317079226039,0.3537884299688173,0.0025496389754364746
1000,6,7,TTTAGGCC,-0.0157321854037068,-0.06590915554561835,-0.06412757188081741,0.0,0.0,0.0,0.0017815836648009398,0.3537884299688173,0.0025496389754364746
1000,6,7,TTTAGGCC,-0.0157321854037068,-0.06590915554561835,-0.13877511024475098,0.0,0.0,0.0,-0.07286595469913262,0.3537884299688173,0.0025496389754364746
1000,6,7,TTTAGGCC,-0.0157321854037068,-0.06590915554561835,-0.08592715114355087,0.0,0.0,0.0,-0.02001799559793252,0.3537884299688173,0.0025496389754364746
1000,7,3,CGGTCGCG,-0.3778331423771,-0.76799729041967,-0.46541035175323486,-0.520111057714174,-0.7258340186875405,-0.2057229609733665,0.30258693866643516,1.1709894419314244,0.0004969978037141498
1000,7,3,CGGTCGCG,-0.3778331423771,-0.76799729041967,-0.52390456199646,-0.520111057714174,-0.7258340186875405,-0.2057229609733665,0.24409272842321006,1.1709894419314244,0.0004969978037141498
1000,7,3,CGATCGCG,0.7975812958605336,0.8542540021436351,0.882371187210083,0.6553033805234596,0.8964172738757648,0.24111389335230515,0.02811718506644789,0.07162757534724162,0.24164569419654613
1000,7,3,CTATCGCG,0.5271966502419625,0.5130874917671866,0.34325167536735535,0.3849187349048885,0.5552507634993162,0.17033202859442775,-0.16983581639983125,0.06307109724768178,0.020743621823354097
1000,8,2,CGATCGCG,1.3159052268608187,1.328255402389914,1.6107261180877686,0.19832548219623192,0.2411853127359791,0.04285983053974718,0.28247071569785454,0.1318083287198043,0.15650867977799487
1000,8,2,CGATCGCG,1.3159052268608187,1.328255402389914,1.6107261180877686,0.19832548219623192,0.2411853127359791,0.04285983053974718,0.28247071569785454,0.1318083287198043,0.15650867977799487
1000,8,2,CGATCGCG,1.3159052268608187,1.328255402389914,1.3282554149627686,0.19832548219623192,0.2411853127359791,0.04285983053974718,1.2572854535264355e-08,0.1318083287198043,0.15650867977799487
1000,8,2,CGATCGCA,0.5226032980758912,0.3635141514459972,0.8066716194152832,-0.5949764465886955,-0.7235559382079377,-0.1285794916192422,0.443157467969286,0.3326152122039061,0.014436918944118027
1000,9,6,CTATCGCG,0.1348440090408627,0.1117705355483632,0.41400212049484253,-0.035747989417672155,-0.05636700853719635,-0.0206190191195242,0.30223158494647934,0.23513715133651747,0.0966963103815206
1000,9,6,CTATCGCA,0.1239105075109202,0.12241890433059084,0.12606990337371826,-0.046681490947614646,-0.04571863975496872,0.0009628511926459277,0.0036509990431274203,0.02123889635495757,0.012289277272981458
1000,9,6,CGATCGCG,0.29970296977143634,0.3159418321326933,0.49175435304641724,0.1291109713129015,0.14780428804713372,0.018693316734232218,0.17581252091372396,0.10369002822498263,0.20112320239252446
1000,9,6,CTATCGCA,0.1239105075109202,0.12241890433059084,0.009013839066028595,-0.046681490947614646,-0.04571863975496872,0.0009628511926459277,-0.11340506526456225,0.02123889635495757,0.012289277272981458
1000,10,4,CGATCGCG,0.7516347626149587,0.7655632599345761,0.43546196818351746,0.6682904662041831,0.9320978165446548,0.26380735034047176,-0.3301012917510586,0.09046875787067055,0.14618274714914037
1000,10,4,CGATCGCA,0.30065831796373144,0.25100791107975806,0.18491131067276,0.21731402155295587,0.4175424676898368,0.20022844613688096,-0.06609660040699805,0.27123515217861804,0.07263352464272455
1000,10,4,CGGTCGCG,-0.35945794746779386,-0.8413546987273246,-0.851124107837677,-0.4428022438785694,-0.6748201421172458,-0.2320178982386764,-0.0097694091103524,1.9278554076628727,0.0002684026247496696
1000,10,4,CGGTCGCG,-0.35945794746779386,-0.8413546987273246,-1.1450109481811523,-0.4428022438785694,-0.6748201421172458,-0.2320178982386764,-0.30365624945382774,1.9278554076628727,0.0002684026247496696
1000,11,4,CAATCTAT,0.04291500357084166,-0.017989052200088507,0.17928338050842285,0.09369115792509192,0.07696520309582411,-0.01672595482926781,0.19727243270851136,0.2547501893504873,0.01113396626676666
1000,11,4,CAATCGCG,-0.0820065403292809,-0.12060932299452065,0.004521705210208893,-0.03123038597503064,-0.025655067698608036,0.005575318276422603,0.12513102820472954,0.15486163896721172,0.000450508306252706
1000,11,4,CAATCGCG,-0.0820065403292809,-0.12060932299452065,-0.082821786403656,-0.03123038597503064,-0.025655067698608036,0.005575318276422603,0.037787536590864645,0.15486163896721172,0.000450508306252706
1000,11,4,CAATCGCG,-0.0820065403292809,-0.12060932299452065,0.045395657420158386,-0.03123038597503064,-0.025655067698608036,0.005575318276422603,0.16600498041467904,0.15486163896721172,0.000450508306252706
1000,12,4,TTTAGGCC,0.003778805006733315,0.003778036438423671,0.0028830694500356913,0.0,0.0,0.0,-0.0008949669883879796,7.571311256518443e-06,4.497038017942101e-06
1000,12,4,TTTAGGCC,0.003778805006733315,0.003778036438423671,0.0032627610489726067,0.0,0.0,0.0,-0.0005152753894510642,7.571311256518443e-06,4.497038017942101e-06
1000,12,4,TTTAGGCC,0.003778805006733315,0.003778036438423671,0.004291160963475704,0.0,0.0,0.0,0.0005131245250520333,7.571311256518443e-06,4.497038017942101e-06
1000,12,4,TTTAGGCC,0.003778805006733315,0.003778036438423671,0.0032463569659739733,0.0,0.0,0.0,-0.0005316794724496976,7.571311256518443e-06,4.497038017942101e-06
1000,13,6,CTATCGCA,0.1239105075109202,0.12241890433059084,0.11283999681472778,-0.0027333753824856366,0.002662092195556909,0.005395467578042545,-0.009578907515863058,0.02123889635495757,0.012289277272981458
1000,13,6,CTATCGCG,0.1348440090408627,0.1117705355483632,0.15737998485565186,0.008200126147456854,-0.007986276586670726,-0.01618640273412758,0.04560944930728865,0.23513715133651747,0.0966963103815206
1000,13,6,CTATCGCA,0.1239105075109202,0.12241890433059084,0.010206569917500019,-0.0027333753824856366,0.002662092195556909,0.005395467578042545,-0.11221233441309082,0.02123889635495757,0.012289277272981458
1000,13,6,CTATCGCA,0.1239105075109202,0.12241890433059084,0.1089668869972229,-0.0027333753824856366,0.002662092195556909,0.005395467578042545,-0.013452017333367941,0.02123889635495757,0.012289277272981458
1000,14,3,CTATCGCA,0.011028686359261861,0.011049425000818625,0.009723499417304993,0.0,0.0,0.0,-0.0013259255835136319,1.9527096759008877e-06,6.416863434619002e-05
1000,14,3,CTATCGCA,0.011028686359261861,0.011049425000818625,0.007332542911171913,0.0,0.0,0.0,-0.0037168820896467114,1.9527096759008877e-06,6.416863434619002e-05
1000,14,3,CTATCGCA,0.011028686359261861,0.011049425000818625,0.011237391270697117,0.0,0.0,0.0,0.0001879662698784923,1.9527096759008877e-06,6.416863434619002e-05
1000,14,3,CTATCGCA,0.011028686359261861,0.011049425000818625,0.008626988157629967,0.0,0.0,0.0,-0.002422436843188658,1.9527096759008877e-06,6.416863434619002e-05
1000,15,4,CTATCGCA,0.05037379961304964,0.05018437391824804,0.003682873211801052,0.0,0.0,0.0,-0.046501500706446985,0.0015041886946918492,0.0007464859154854286
1000,15,4,CTATCGCA,0.05037379961304964,0.05018437391824804,0.02943744696676731,0.0,0.0,0.0,-0.020746926951480726,0.0015041886946918492,0.0007464859154854286
1000,15,4,CTATCGCA,0.05037379961304964,0.05018437391824804,0.0021335582714527845,0.0,0.0,0.0,-0.04805081564679525,0.0015041886946918492,0.0007464859154854286
1000,15,4,CTATCGCA,0.05037379961304964,0.05018437391824804,0.10491931438446045,0.0,0.0,0.0,0.05473494046621241,0.0015041886946918492,0.0007464859154854286
1000,16,6,CTATCGCA,0.0208201270103651,0.0210691252838644,0.02410656213760376,0.0,0.0,0.0,0.0030374368537393615,0.000316367923148389,0.0018103575641441882
1000,16,6,CTATCGCA,0.0208201270103651,0.0210691252838644,0.02084454707801342,0.0,0.0,0.0,-0.0002245782058509782,0.000316367923148389,0.0018103575641441882
1000,16,6,CTATCGCA,0.0208201270103651,0.0210691252838644,0.022816168144345284,0.0,0.0,0.0,0.0017470428604808852,0.000316367923148389,0.0018103575641441882
1000,16,6,CTATCGCA,0.0208201270103651,0.0210691252838644,0.008370308205485344,0.0,0.0,0.0,-0.012698817078379054,0.000316367923148389,0.0018103575641441882
1000,17,6,CTATCGCA,0.1319553949536676,0.12959730473384376,0.11136838048696518,0.0,0.0,0.0,-0.01822892424687858,0.021032899843947683,0.006884358525004686
1000,17,6,CTATCGCA,0.1319553949536676,0.12959730473384376,0.018305599689483643,0.0,0.0,0.0,-0.11129170504436012,0.021032899843947683,0.006884358525004686
1000,17,6,CTATCGCA,0.1319553949536676,0.12959730473384376,0.26275360584259033,0.0,0.0,0.0,0.13315630110874657,0.021032899843947683,0.006884358525004686
1000,17,6,CTATCGCA,0.1319553949536676,0.12959730473384376,0.18212470412254333,0.0,0.0,0.0,0.052527399388699575,0.021032899843947683,0.006884358525004686
1000,18,3,CGATCGCG,0.12411096610357097,0.12304922156868603,0.20089870691299438,0.06356738293994588,0.06338956541771448,-0.0001778175222313938,0.07784948534430836,0.013892128840971574,0.010706895236316738
1000,18,3,CTATCGCG,-0.0030237997763207605,-0.0037299092667429554,-0.0038263946771621704,-0.06356738293994586,-0.0633895654177145,0.00017781752223136604,-9.648541041921499e-05,0.01177104038747745,0.009652711916210865
1000,18,3,CGATCGCG,0.12411096610357097,0.12304922156868603,0.21916860342025757,0.06356738293994588,0.06338956541771448,-0.0001778175222313938,0.09611938185157154,0.013892128840971574,0.010706895236316738
1000,18,3,CTATCGCG,-0.0030237997763207605,-0.0037299092667429554,-0.004930049180984497,-0.06356738293994586,-0.0633895654177145,0.00017781752223136604,-0.0012001399142415417,0.01177104038747745,0.009652711916210865
1000,19,4,CTATCGCG,-0.0014210769820487135,-0.0020738996059859183,0.009423241019248962,-0.0819435391566531,-0.08177028205542247,0.0001732571012306311,0.01149714062523488,0.0076637061272094575,0.005052415631460638
1000,19,4,CGATCGCG,0.10783697522682209,0.10695314313457738,0.11795628070831299,0.0273145130522177,0.027256760685140824,-5.775236707687703e-05,0.01100313757373561,0.005122239629294145,0.0015869112603152935
1000,19,4,CGATCGCG,0.10783697522682209,0.10695314313457738,0.033767133951187134,0.0273145130522177,0.027256760685140824,-5.775236707687703e-05,-0.07318600918339024,0.005122239629294145,0.0015869112603152935
1000,19,4,CGATCGCG,0.10783697522682209,0.10695314313457738,0.14968536794185638,0.0273145130522177,0.027256760685140824,-5.775236707687703e-05,0.04273222480727901,0.005122239629294145,0.0015869112603152935
1000,20,8,CTATCGCA,0.19947723492848937,0.19631249505061854,0.06362967193126678,0.13629476939976384,0.2145255903284931,0.07823082092872927,-0.13268282311935176,0.038099815307316875,0.012781896284350225
1000,20,8,TTTGCGCC,-0.34570184267056603,-0.6617898662633539,-0.7804170250892639,-0.40888430819929156,-0.6435767709854794,-0.23469246278618783,-0.11862715882591002,2.6003751751928768,0.07167098645057379
1000,20,8,CTATCGCA,0.19947723492848937,0.19631249505061854,0.29673266410827637,0.13629476939976384,0.2145255903284931,0.07823082092872927,0.10042016905765783,0.038099815307316875,0.012781896284350225
1000,20,8,CTATCGCA,0.19947723492848937,0.19631249505061854,0.005422208458185196,0.13629476939976384,0.2145255903284931,0.07823082092872927,-0.19089028659243334,0.038099815307316875,0.012781896284350225
1000,21,3,CTATCGCA,0.002098806609366455,0.002099738889613937,0.0006347469170577824,0.0,0.0,0.0,-0.0014649919725561547,2.7297433019546347e-07,3.069815072642701e-06
1000,21,3,CTATCGCA,0.002098806609366455,0.002099738889613937,0.001922394149005413,0.0,0.0,0.0,-0.000177344740608524,2.7297433019546347e-07,3.069815072642701e-06
1000,21,3,CTATCGCA,0.002098806609366455,0.002099738889613937,0.003961906768381596,0.0,0.0,0.0,0.0018621678787676585,2.7297433019546347e-07,3.069815072642701e-06
1000,21,3,CTATCGCA,0.002098806609366455,0.002099738889613937,0.003065434517338872,0.0,0.0,0.0,0.0009656956277249349,2.7297433019546347e-07,3.069815072642701e-06
1000,22,7,CGATCGCG,0.39606708199570123,0.40653774304104956,1.0155656337738037,0.11784823255889515,0.1290952437303169,0.011247011171421739,0.6090278907327542,0.11633474436352875,0.18962937168096694
1000,22,7,CTATCGCA,0.23893610525050774,0.234410751400627,0.004304266534745693,-0.039282744186298346,-0.04303174791010567,-0.0037490037238073204,-0.2301064848658813,0.04554783086895642,0.013870353919791079
1000,22,7,CTATCGCA,0.23893610525050774,0.234410751400627,0.06402352452278137,-0.039282744186298346,-0.04303174791010567,-0.0037490037238073204,-0.17038722687784563,0.04554783086895642,0.013870353919791079
1000,22,7,CTATCGCA,0.23893610525050774,0.234410751400627,0.5855950117111206,-0.039282744186298346,-0.04303174791010567,-0.0037490037238073204,0.3511842603104936,0.04554783086895642,0.013870353919791079
1000,23,6,CTATCGCA,0.003053322295183227,0.0029468582326342605,0.01196300983428955,0.0,0.0,0.0,0.00901615160165529,0.002750139127715323,0.0021113547524215237
1000,23,6,CTATCGCA,0.003053322295183227,0.0029468582326342605,0.0073929764330387115,0.0,0.0,0.0,0.004446118200404451,0.002750139127715323,0.0021113547524215237
1000,23,6,CTATCGCA,0.003053322295183227,0.0029468582326342605,0.01983313262462616,0.0,0.0,0.0,0.0168862743919919,0.002750139127715323,0.0021113547524215237
1000,23,6,CTATCGCA,0.003053322295183227,0.0029468582326342605,0.007035901769995689,0.0,0.0,0.0,0.0040890435373614285,0.002750139127715323,0.0021113547524215237
1000,24,1,CTATCGCA,0.0004680995552917011,0.0004680995552917011,0.00046798045514151454,0.0,0.0,0.0,-1.191001501865685e-07,0.0,0.0
1000,24,1,CTATCGCA,0.0004680995552917011,0.0004680995552917011,0.00046798045514151454,0.0,0.0,0.0,-1.191001501865685e-07,0.0,0.0
1000,24,1,CTATCGCA,0.0004680995552917011,0.0004680995552917011,0.00046798045514151454,0.0,0.0,0.0,-1.191001501865685e-07,0.0,0.0
1000,24,1,CTATCGCA,0.0004680995552917011,0.0004680995552917011,0.00046798045514151454,0.0,0.0,0.0,-1.191001501865685e-07,0.0,0.0
1000,25,5,CTATCGCA,0.019395070643880435,0.019508282655003838,0.0024964474141597748,0.0,0.0,0.0,-0.017011835240844063,8.34499229676218e-05,0.0006495099785846364
1000,25,5,CTATCGCA,0.019395070643880435,0.019508282655003838,0.02410767786204815,0.0,0.0,0.0,0.004599395207044311,8.34499229676218e-05,0.0006495099785846364
1000,25,5,CTATCGCA,0.019395070643880435,0.019508282655003838,0.03858225420117378,0.0,0.0,0.0,0.019073971546169945,8.34499229676218e-05,0.0006495099785846364
1000,25,5,CTATCGCA,0.019395070643880435,0.019508282655003838,0.022113928571343422,0.0,0.0,0.0,0.0026056459163395843,8.34499229676218e-05,0.0006495099785846364
1000,26,2,TTTAGGCC,0.2917204224158561,0.29169885460282785,0.2917912006378174,0.3360470738041039,0.3393392096701291,0.00329213586602517,9.23460349895322e-05,0.0020850317086804626,0.0020418960826239507
1000,26,2,TTTAGGCC,0.2917204224158561,0.29169885460282785,0.2189817726612091,0.3360470738041039,0.3393392096701291,0.00329213586602517,-0.07271708194161874,0.0020850317086804626,0.0020418960826239507
1000,26,2,TTTGGGCC,-0.3803737251923518,-0.38697956473743034,-0.4495331943035126,-0.3360470738041039,-0.3393392096701291,-0.00329213586602517,-0.06255362956608224,0.014146253161467559,0.0009345740713104789
1000,26,2,TTTGGGCC,-0.3803737251923518,-0.38697956473743034,-0.33710426092147827,-0.3360470738041039,-0.3393392096701291,-0.00329213586602517,0.049875303815952066,0.014146253161467559,0.0009345740713104789
1000,27,4,CTATCGCA,0.004667314231700477,0.004668816313295188,0.0037179552018642426,0.0,0.0,0.0,-0.0009508611114309451,4.313959196811101e-08,6.051465970810521e-06
1000,27,4,CTATCGCA,0.004667314231700477,0.004668816313295188,0.008098267018795013,0.0,0.0,0.0,0.0034294507054998258,4.313959196811101e-08,6.051465970810521e-06
1000,27,4,CTATCGCA,0.004667314231700477,0.004668816313295188,0.008623846806585789,0.0,0.0,0.0,0.003955030493290601,4.313959196811101e-08,6.051465970810521e-06
1000,27,4,CTATCGCA,0.004667314231700477,0.004668816313295188,0.0030175696592777967,0.0,0.0,0.0,-0.001651246654017391,4.313959196811101e-08,6.051465970810521e-06
1000,28,5,CTATCGCA,0.01663361482538156,0.01676552763082295,0.00878533348441124,-0.008594383188549617,-0.008424047912102495,0.00017033527644712276,-0.007980194146411712,0.0009515356128139696,0.0016110996400209299
1000,28,5,CTATCGCA,0.01663361482538156,0.01676552763082295,0.009353891015052795,-0.008594383188549617,-0.008424047912102495,0.00017033527644712276,-0.007411636615770156,0.0009515356128139696,0.0016110996400209299
1000,28,5,CGATCGCG,0.05101114757958003,0.05046171927923293,0.1204071044921875,0.025783149565648852,0.025272143736307484,-0.0005110058293413683,0.06994538521295457,0.01498082257166189,0.012233681069926394
1000,28,5,CTATCGCA,0.01663361482538156,0.01676552763082295,0.004855012521147728,-0.008594383188549617,-0.008424047912102495,0.00017033527644712276,-0.011910515109675224,0.0009515356128139696,0.0016110996400209299
1000,29,4,TTTAGGCC,0.2120003736554852,0.21425565753111175,0.1582845151424408,0.09075686240774564,0.09241289146795015,0.0016560290602045113,-0.05597114238867096,0.0017336417610546162,0.010754777263560777
1000,29,4,TTTGGGCC,-0.15102707597549736,-0.15539590834068884,-0.06381694972515106,-0.27227058722323694,-0.2772386744038504,-0.0049680871806134785,0.09157895861553778,0.023563323930691382,0.006087994469925473
1000,29,4,TTTAGGCC,0.2120003736554852,0.21425565753111175,0.19684696197509766,0.09075686240774564,0.09241289146795015,0.0016560290602045113,-0.017408695556014098,0.0017336417610546162,0.010754777263560777
1000,29,4,TTTAGGCC,0.2120003736554852,0.21425565753111175,0.21937915682792664,0.09075686240774564,0.09241289146795015,0.0016560290602045113,0.005123499296814882,0.0017336417610546162,0.010754777263560777
1000,30,3,CTATCGCG,0.5860249273440241,0.5754804543458802,0.07801944017410278,0.13746537074256504,0.20441549668531567,0.06695012594275063,-0.49746101417177746,0.04565100625682228,0.014017587262390663
1000,30,3,CGGTCGCG,-0.42819194983012165,-0.8323682118465915,-0.4637346863746643,-0.8767515064315807,-1.203433169507156,-0.32668166307557533,0.3686335254719272,1.2127600644464496,0.00023127839704017994
1000,30,3,CGATCGCG,0.8182026244459669,0.8705737940714848,0.45891648530960083,0.36964306784450784,0.49950883641092025,0.1298657685664124,-0.411657308761884,0.07590440609270177,0.23301791496925528
1000,30,3,CGATCGCG,0.8182026244459669,0.8705737940714848,0.48601147532463074,0.36964306784450784,0.49950883641092025,0.1298657685664124,-0.3845623187468541,0.07590440609270177,0.23301791496925528
1000,31,4,CTATCGCA,0.0022709159774832732,0.0022701370304503143,0.002417169976979494,0.0,0.0,0.0,0.00014703294652917975,5.245177586446492e-06,2.1293894546109415e-06
1000,31,4,CTATCGCA,0.0022709159774832732,0.0022701370304503143,0.0023237860295921564,0.0,0.0,0.0,5.364899914184207e-05,5.245177586446492e-06,2.1293894546109415e-06
1000,31,4,CTATCGCA,0.0022709159774832732,0.0022701370304503143,0.00184747320599854,0.0,0.0,0.0,-0.0004226638244517744,5.245177586446492e-06,2.1293894546109415e-06
1000,31,4,CTATCGCA,0.0022709159774832732,0.0022701370304503143,0.0019915453158318996,0.0,0.0,0.0,-0.0002785917146184147,5.245177586446492e-06,2.1293894546109415e-06
2000,0,6,TTTGCGCG,0.49523004725592834,0.4956242531808071,0.9099657535552979,0.44116934863351603,0.4451071810327115,0.0039378323991954844,0.41434150037449075,0.05467731241746043,0.057042547966732915
2000,0,6,TTTGGGCC,-0.045363913177539794,-0.0530022580918826,-0.30688101053237915,-0.09942461179995211,-0.10351933023997822,-0.00409471844002611,-0.25387875244049657,0.050012032592887445,0.004181963106830611
2000,0,6,TTTGGGCG,-0.11681166979436963,-0.12027685324827105,-0.031077146530151367,-0.17087236841678194,-0.17079392539636667,7.844302041526419e-05,0.08919970671811968,0.05042690821727458,0.029635807493866073
2000,0,6,TTTGGGCG,-0.11681166979436963,-0.12027685324827105,-0.47149673104286194,-0.17087236841678194,-0.17079392539636667,7.844302041526419e-05,-0.3512198777945909,0.05042690821727458,0.029635807493866073
2000,1,2,CTATCGCG,-0.21134352426137526,-0.22204163606329552,-0.14759612083435059,-0.1671534127767757,-0.17516863831633617,-0.008015225539560467,0.07444551522894494,0.02389008488370692,0.002493861279866394
2000,1,2,CTATCGCA,0.011527692774325693,0.011516548358486034,0.014986913651227951,0.05571780425892524,0.05838954610544539,0.002671741846520151,0.003470365292741917,3.1672287068684746e-05,9.383455389366802e-06
2000,1,2,CTATCGCA,0.011527692774325693,0.011516548358486034,0.0071596382185816765,0.05571780425892524,0.05838954610544539,0.002671741846520151,-0.0043569101399043575,3.1672287068684746e-05,9.383455389366802e-06
2000,1,2,CTATCGCA,0.011527692774325693,0.011516548358486034,0.008932514116168022,0.05571780425892524,0.05838954610544539,0.002671741846520151,-0.002584034242318012,3.1672287068684746e-05,9.383455389366802e-06
2000,2,3,CTATCGCA,0.0008543742285539632,0.000854400325917215,0.0009431365178897977,0.0,0.0,0.0,8.873619197258265e-05,5.276317638358563e-08,1.3105526613932383e-07
2000,2,3,CTATCGCA,0.0008543742285539632,0.000854400325917215,0.0009351434418931603,0.0,0.0,0.0,8.07431159759453e-05,5.276317638358563e-08,1.3105526613932383e-07
2000,2,3,CTATCGCA,0.0008543742285539632,0.000854400325917215,0.0011669908417388797,0.0,0.0,0.0,0.00031259051582166464,5.276317638358563e-08,1.3105526613932383e-07
2000,2,3,CTATCGCA,0.0008543742285539632,0.000854400325917215,0.0010410841787233949,0.0,0.0,0.0,0.00018668385280617983,5.276317638358563e-08,1.3105526613932383e-07
2000,3,4,CTATCGCA,0.008139079181342778,0.008147077715368711,0.004102442413568497,0.0,0.0,0.0,-0.004044635301800215,2.6773435482865815e-06,3.46714796520195e-05
2000,3,4,CTATCGCA,0.008139079181342778,0.008147077715368711,0.008767473511397839,0.0,0.0,0.0,0.0006203957960291273,2.6773435482865815e-06,3.46714796520195e-05
2000,3,4,CTATCGCA,0.008139079181342778,0.008147077715368711,0.013722609728574753,0.0,0.0,0.0,0.0055755320132060415,2.6773435482865815e-06,3.46714796520195e-05
2000,3,4,CTATCGCA,0.008139079181342778,0.008147077715368711,0.008144969120621681,0.0,0.0,0.0,-2.108594747030068e-06,2.6773435482865815e-06,3.46714796520195e-05
2000,4,2,CTATCGCA,0.0004656813492525669,0.0004656822457036469,0.00043912255205214024,0.0,0.0,0.0,-2.6559693651506677e-05,1.7663259521683017e-08,1.945616168175235e-08
2000,4,2,CTATCGCA,0.0004656813492525669,0.0004656822457036469,0.0004656524979509413,0.0,0.0,0.0,-2.9747752705588937e-08,1.7663259521683017e-08,1.945616168175235e-08
2000,4,2,CTATCGCA,0.0004656813492525669,0.0004656822457036469,0.000378948578145355,0.0,0.0,0.0,-8.673366755829193e-05,1.7663259521683017e-08,1.945616168175235e-08
2000,4,2,CTATCGCA,0.0004656813492525669,0.0004656822457036469,0.00047891747090034187,0.0,0.0,0.0,1.3235225196694955e-05,1.7663259521683017e-08,1.945616168175235e-08
2000,5,4,CTATCGCA,0.016711910086299346,0.0167921386966271,0.0027500782161951065,0.0,0.0,0.0,-0.014042060480431995,5.841685806697722e-05,0.00037933129937800514
2000,5,4,CTATCGCA,0.016711910086299346,0.0167921386966271,0.0026883049868047237,0.0,0.0,0.0,-0.014103833709822378,5.841685806697722e-05,0.00037933129937800514
2000,5,4,CTATCGCA,0.016711910086299346,0.0167921386966271,0.030312852934002876,0.0,0.0,0.0,0.013520714237375775,5.841685806697722e-05,0.00037933129937800514
2000,5,4,CTATCGCA,0.016711910086299346,0.0167921386966271,0.01972031220793724,0.0,0.0,0.0,0.0029281735113101393,5.841685806697722e-05,0.00037933129937800514
2000,6,6,CTATCGCA,0.04617959509951045,0.046231514328940904,0.032238494604825974,0.0,0.0,0.0,-0.01399301972411493,0.001405271230303956,0.0017167866068866777
2000,6,6,CTATCGCA,0.04617959509951045,0.046231514328940904,0.03105294331908226,0.0,0.0,0.0,-0.015178571009858643,0.001405271230303956,0.0017167866068866777
2000,6,6,CTATCGCA,0.04617959509951045,0.046231514328940904,0.022865675389766693,0.0,0.0,0.0,-0.02336583893917421,0.001405271230303956,0.0017167866068866777
2000,6,6,CTATCGCA,0.04617959509951045,0.046231514328940904,0.030463259667158127,0.0,0.0,0.0,-0.015768254661782777,0.001405271230303956,0.0017167866068866777
2000,7,4,CTATCGCA,0.02129491028345945,0.021367056039025556,0.02382662519812584,0.0,0.0,0.0,0.0024595691591002833,0.0005930515797171743,0.0008816346019815957
2000,7,4,CTATCGCA,0.02129491028345945,0.021367056039025556,0.0037633429747074842,0.0,0.0,0.0,-0.01760371306431807,0.0005930515797171743,0.0008816346019815957
2000,7,4,CTATCGCA,0.02129491028345945,0.021367056039025556,0.023563332855701447,0.0,0.0,0.0,0.0021962768166758906,0.0005930515797171743,0.0008816346019815957
2000,7,4,CTATCGCA,0.02129491028345945,0.021367056039025556,0.02464577555656433,0.0,0.0,0.0,0.003278719517538775,0.0005930515797171743,0.0008816346019815957
2000,8,5,CTATCGCA,0.051719425996385224,0.05170452861208101,0.034345708787441254,0.010232601365469288,0.0109673128975631,0.0007347115320938125,-0.017358819824639757,0.0013697566112102488,0.0012952696896891824
2000,8,5,CTATCGCA,0.051719425996385224,0.05170452861208101,0.030970647931098938,0.010232601365469288,0.0109673128975631,0.0007347115320938125,-0.020733880680982072,0.0013697566112102488,0.0012952696896891824
2000,8,5,CTATCGCA,0.051719425996385224,0.05170452861208101,0.03565235063433647,0.010232601365469288,0.0109673128975631,0.0007347115320938125,-0.01605217797774454,0.0013697566112102488,0.0012952696896891824
2000,8,5,CTATCGCG,0.010789020534508077,0.007835277021828624,-0.04472096264362335,-0.03069780409640786,-0.032901938692689287,-0.002204134596281427,-0.052556239665451976,0.15366139004692814,0.13889267248353088
2000,9,2,CTATCGCA,0.08219033917138685,0.08194828037932211,0.08498190343379974,0.033198064002422034,0.048587982659825,0.015389918657402968,0.00303362305447763,0.0026517166237128853,0.002167599039583412
2000,9,2,CTATCGCG,0.015794211166542782,-0.01522768494032789,-0.015227794647216797,-0.033198064002422034,-0.048587982659825,-0.015389918657402968,-1.097068889066577e-07,0.210555390511328,0.14851159829758664
2000,9,2,CTATCGCA,0.08219033917138685,0.08194828037932211,0.051314063370227814,0.033198064002422034,0.048587982659825,0.015389918657402968,-0.0306342170090943,0.0026517166237128853,0.002167599039583412
2000,9,2,CTATCGCG,0.015794211166542782,-0.01522768494032789,-0.22928643226623535,-0.033198064002422034,-0.048587982659825,-0.015389918657402968,-0.21405874732590746,0.210555390511328,0.14851159829758664
2000,10,5,CTATCGCA,0.16129657939740202,0.15907171439686732,0.2378280609846115,-0.0008091755842999648,0.006586074225747002,0.007395249810046967,0.07875634658774419,0.025977540093093554,0.014853215090419924
2000,10,5,CTATCGCA,0.16129657939740202,0.15907171439686732,0.313622385263443,-0.0008091755842999648,0.006586074225747002,0.007395249810046967,0.15455067086657567,0.025977540093093554,0.014853215090419924
2000,10,5,CTATCGCG,0.16453328173460183,0.13272741749387934,0.13833576440811157,0.002427526752899839,-0.019758222677240977,-0.022185749430140816,0.005608346914232232,0.26416449353423044,0.10513517233061798
2000,10,5,CTATCGCA,0.16129657939740202,0.15907171439686732,0.10846379399299622,-0.0008091755842999648,0.006586074225747002,0.007395249810046967,-0.050607920403871104,0.025977540093093554,0.014853215090419924
2000,11,2,CTATCGCA,0.011527692774325693,0.011516548358486034,0.011516494676470757,0.0,0.0,0.0,-5.3682015277445316e-08,3.1672287068684746e-05,9.383455389366802e-06
2000,11,2,CTATCGCA,0.011527692774325693,0.011516548358486034,0.011516494676470757,0.0,0.0,0.0,-5.3682015277445316e-08,3.1672287068684746e-05,9.383455389366802e-06
2000,11,2,CTATCGCA,0.011527692774325693,0.011516548358486034,0.012402933090925217,0.0,0.0,0.0,0.0008863847324391827,3.1672287068684746e-05,9.383455389366802e-06
2000,11,2,CTATCGCA,0.011527692774325693,0.011516548358486034,0.014986913651227951,0.0,0.0,0.0,0.003470365292741917,3.1672287068684746e-05,9.383455389366802e-06
2000,12,4,CTATCGCA,0.18752079232766172,0.183005241790004,0.15918676555156708,-0.0681334530464009,-0.07662436917809501,-0.008490916131694115,-0.023818476238436914,0.035065693650979446,0.017003491500348522
2000,12,4,CGATCGCG,0.46005460451326535,0.48950271850238414,0.1422775387763977,0.20440035913920274,0.22987310753428514,0.0254727483950824,-0.34722517972598643,0.0857189934838416,0.20351144944031674
2000,12,4,CTATCGCA,0.18752079232766172,0.183005241790004,0.12552694976329803,-0.0681334530464009,-0.07662436917809501,-0.008490916131694115,-0.05747829202670596,0.035065693650979446,0.017003491500348522
2000,12,4,CTATCGCA,0.18752079232766172,0.183005241790004,0.3583202660083771,-0.0681334530464009,-0.07662436917809501,-0.008490916131694115,0.17531502421837308,0.035065693650979446,0.017003491500348522
2000,13,4,CTATCGCA,0.02129491028345945,0.021367056039025556,0.018302924931049347,0.0,0.0,0.0,-0.003064131107976209,0.0005930515797171743,0.0008816346019815957
2000,13,4,CTATCGCA,0.02129491028345945,0.021367056039025556,0.01145448163151741,0.0,0.0,0.0,-0.009912574407508146,0.0005930515797171743,0.0008816346019815957
2000,13,4,CTATCGCA,0.02129491028345945,0.021367056039025556,0.015591632574796677,0.0,0.0,0.0,-0.005775423464228879,0.0005930515797171743,0.0008816346019815957
2000,13,4,CTATCGCA,0.02129491028345945,0.021367056039025556,0.022119872272014618,0.0,0.0,0.0,0.000752816232989062,0.0005930515797171743,0.0008816346019815957
2000,14,5,CTATCTCA,-0.08076027963022839,-0.16827188689094025,-0.145305335521698,-0.2058606542404573,-0.2510262180576578,-0.045165563817200494,0.02296655136924225,0.6876261645191493,0.2500681282155899
2000,14,5,CTATCTCA,-0.08076027963022839,-0.16827188689094025,0.044787973165512085,-0.2058606542404573,-0.2510262180576578,-0.045165563817200494,0.21305986005645233,0.6876261645191493,0.2500681282155899
2000,14,5,CAATATAT,0.24249493812659423,0.24373324116934506,0.25178080797195435,0.11739456351636532,0.16097891000262748,0.043584346486262165,0.00804756680260929,0.04920819153441214,0.05539970674816619
2000,14,5,CGATATAT,0.4194271195747782,0.4238278572794057,0.6235072612762451,0.29432674496454925,0.34107352611268815,0.046746781148138905,0.19967940399683942,0.11135013601026067,0.13335382453339806
2000,15,3,CTATCGCA,0.002266721964788637,0.0022676831218768623,0.0006044064648449421,0.0,0.0,0.0,-0.0016632766570319202,1.8634380796744843e-07,3.069815072642701e-06
2000,15,3,CTATCGCA,0.002266721964788637,0.0022676831218768623,0.0004469773848541081,0.0,0.0,0.0,-0.0018207057370227542,1.8634380796744843e-07,3.069815072642701e-06
2000,15,3,CTATCGCA,0.002266721964788637,0.0022676831218768623,0.0005052948836237192,0.0,0.0,0.0,-0.001762388238253143,1.8634380796744843e-07,3.069815072642701e-06
2000,15,3,CTATCGCA,0.002266721964788637,0.0022676831218768623,0.0015617429744452238,0.0,0.0,0.0,-0.0007059401474316385,1.8634380796744843e-07,3.069815072642701e-06
2000,16,4,CTATCGCA,0.0010276028626590786,0.0010276841900136446,0.001025353092700243,0.0,0.0,0.0,-2.331097313401642e-06,1.2225580544450443e-07,4.4756522370875684e-07
2000,16,4,CTATCGCA,0.0010276028626590786,0.0010276841900136446,0.001164429821074009,0.0,0.0,0.0,0.0001367456310603643,1.2225580544450443e-07,4.4756522370875684e-07
2000,16,4,CTATCGCA,0.0010276028626590786,0.0010276841900136446,0.0010297950357198715,0.0,0.0,0.0,2.1108457062268826e-06,1.2225580544450443e-07,4.4756522370875684e-07
2000,16,4,CTATCGCA,0.0010276028626590786,0.0010276841900136446,0.0010564872063696384,0.0,0.0,0.0,2.8803016355993805e-05,1.2225580544450443e-07,4.4756522370875684e-07
2000,17,4,CTATCGCA,0.0034312220915910276,0.0034320509574720104,0.0030688641127198935,0.0,0.0,0.0,-0.00036318684475211693,7.56034826542018e-07,4.071498350473324e-06
2000,17,4,CTATCGCA,0.0034312220915910276,0.0034320509574720104,0.002469061641022563,0.0,0.0,0.0,-0.0009629893164494474,7.56034826542018e-07,4.071498350473324e-06
2000,17,4,CTATCGCA,0.0034312220915910276,0.0034320509574720104,0.003039669245481491,0.0,0.0,0.0,-0.0003923817119905193,7.56034826542018e-07,4.071498350473324e-06
2000,17,4,CTATCGCA,0.0034312220915910276,0.0034320509574720104,0.003224629908800125,0.0,0.0,0.0,-0.00020742104867188527,7.56034826542018e-07,4.071498350473324e-06
2000,18,6,CTATCGCA,0.004790918605111528,0.004804709582116355,0.007721173111349344,0.006894122013648103,0.009450398767175832,0.0025562767535277286,0.0029164635292329892,4.829175271685651e-06,8.757503730064814e-05
2000,18,6,CTATCGCA,0.004790918605111528,0.004804709582116355,0.0025529053527861834,0.006894122013648103,0.009450398767175832,0.0025562767535277286,-0.0022518042293301717,4.829175271685651e-06,8.757503730064814e-05
2000,18,6,CTATCGCA,0.004790918605111528,0.004804709582116355,0.0029212660156190395,0.006894122013648103,0.009450398767175832,0.0025562767535277286,-0.0018834435664973155,4.829175271685651e-06,8.757503730064814e-05
2000,18,6,CGATCGCA,-0.022785569449480885,-0.03299688548658697,-0.08932757377624512,-0.02068236604094431,-0.028351196301527493,-0.0076688302605831815,-0.05633068828965815,0.08681438612637304,0.025546489903736536
2000,19,3,CTATCGCA,0.0006384822490972294,0.0006384968427393112,0.0006146715022623539,0.0,0.0,0.0,-2.382534047695728e-05,1.7032457833021653e-08,6.081338407848413e-08
2000,19,3,CTATCGCA,0.0006384822490972294,0.0006384968427393112,0.0006082613836042583,0.0,0.0,0.0,-3.0235459135052878e-05,1.7032457833021653e-08,6.081338407848413e-08
2000,19,3,CTATCGCA,0.0006384822490972294,0.0006384968427393112,0.0007803392363712192,0.0,0.0,0.0,0.00014184239363190798,1.7032457833021653e-08,6.081338407848413e-08
2000,19,3,CTATCGCA,0.0006384822490972294,0.0006384968427393112,0.0005330365966074169,0.0,0.0,0.0,-0.00010546024613189431,1.7032457833021653e-08,6.081338407848413e-08
2000,20,5,CTATCGCT,0.23795277377433086,0.20319610313089403,0.3080751895904541,0.09337474798105425,0.05930185054326842,-0.034072897437785826,0.10487908645956007,0.36583465043178,0.1920512972145958
2000,20,5,CTATCTAT,0.16283293552670514,0.19613596497517438,-0.1920151710510254,0.018254909733428526,0.05224171238754877,0.03398680265412024,-0.3881511360261998,0.35160691842098224,0.5181220656633285
2000,20,5,CTATCTAT,0.16283293552670514,0.19613596497517438,0.16017866134643555,0.018254909733428526,0.05224171238754877,0.03398680265412024,-0.035957303628738835,0.35160691842098224,0.5181220656633285
2000,20,5,CAATCTAT,0.014693458345365285,-0.019891022730740282,-0.00010973215103149414,-0.12988456744791133,-0.1637852753183659,-0.03390070787045457,0.019781290579708788,0.18947072469685367,0.016548319316325832
2000,21,6,CTATCGCA,0.22566734108926964,0.20312526058275537,0.21732276678085327,-0.023091860525010055,0.026843170285174744,0.0499350308101848,0.014197506198097898,0.14259051992138638,0.007338036882300836
2000,21,6,TTTGCGCG,0.3180347831893098,0.09575257944205647,-0.4175901412963867,0.06927558157503008,-0.08052951085552416,-0.14980509243055423,-0.5133427207384432,1.4407282927952938,0.10703507031177395
2000,21,6,CTATCGCA,0.22566734108926964,0.20312526058275537,0.45506078004837036,-0.023091860525010055,0.026843170285174744,0.0499350308101848,0.251935519465615,0.14259051992138638,0.007338036882300836
2000,21,6,CTATCGCA,0.22566734108926964,0.20312526058275537,0.41515716910362244,-0.023091860525010055,0.026843170285174744,0.0499350308101848,0.21203190852086706,0.14259051992138638,0.007338036882300836
2000,22,4,CTATCGCA,0.028311437129369933,0.028476598123466923,0.012893134728074074,-0.0009130295730960178,-0.0005696914241347106,0.00034333814896130715,-0.01558346339539285,0.0005100838629607252,0.0011707278393486842
2000,22,4,CGATCGCG,0.031963555421754,0.030755363820005766,0.12813571095466614,0.0027390887192880464,0.001709074272404132,-0.0010300144468839145,0.09738034713466037,0.013872012883151985,0.009039246476159057
2000,22,4,CTATCGCA,0.028311437129369933,0.028476598123466923,0.004834919236600399,-0.0009130295730960178,-0.0005696914241347106,0.00034333814896130715,-0.023641678886866524,0.0005100838629607252,0.0011707278393486842
2000,22,4,CTATCGCA,0.028311437129369933,0.028476598123466923,0.012539662420749664,-0.0009130295730960178,-0.0005696914241347106,0.00034333814896130715,-0.01593693570271726,0.0005100838629607252,0.0011707278393486842
2000,23,5,CTATCGCA,0.020437038309782968,0.020589146227527343,0.03829598426818848,0.0,0.0,0.0,0.017706838040661133,0.0006946026630804403,0.0014551422518023216
2000,23,5,CTATCGCA,0.020437038309782968,0.020589146227527343,0.03861469030380249,0.0,0.0,0.0,0.018025544076275147,0.0006946026630804403,0.0014551422518023216
2000,23,5,CTATCGCA,0.020437038309782968,0.020589146227527343,0.012346496805548668,0.0,0.0,0.0,-0.008242649421978675,0.0006946026630804403,0.0014551422518023216
2000,23,5,CTATCGCA,0.020437038309782968,0.020589146227527343,0.009965000674128532,0.0,0.0,0.0,-0.010624145553398811,0.0006946026630804403,0.0014551422518023216
2000,24,7,CTATCGCA,0.10431075751696528,0.10291667039298094,0.019004710018634796,-0.004848426238092715,1.302316810303239e-05,0.0048614494061957475,-0.08391196037434615,0.02019899393421648,0.01044038406632608
2000,24,7,CTATCGCA,0.10431075751696528,0.10291667039298094,0.21196186542510986,-0.004848426238092715,1.302316810303239e-05,0.0048614494061957475,0.10904519503212892,0.02019899393421648,0.01044038406632608
2000,24,7,CTATCGCA,0.10431075751696528,0.10291667039298094,0.017201585695147514,-0.004848426238092715,1.302316810303239e-05,0.0048614494061957475,-0.08571508469783343,0.02019899393421648,0.01044038406632608
2000,24,7,CTATCGCG,0.12370446246933613,0.10286457772056881,0.21702530980110168,0.014545278714278131,-3.906950430909717e-05,-0.014584348218587229,0.11416073208053287,0.24573884691159087,0.09985965367021965
2000,25,3,CTATCGCA,0.007436416623406846,0.007436590692416682,0.009501167573034763,0.0,0.0,0.0,0.0020645768806180813,8.034348403074265e-06,8.556555432581714e-06
2000,25,3,CTATCGCA,0.007436416623406846,0.007436590692416682,0.008819468319416046,0.0,0.0,0.0,0.0013828776269993641,8.034348403074265e-06,8.556555432581714e-06
2000,25,3,CTATCGCA,0.007436416623406846,0.007436590692416682,0.013397491537034512,0.0,0.0,0.0,0.0059609008446178295,8.034348403074265e-06,8.556555432581714e-06
2000,25,3,CTATCGCA,0.007436416623406846,0.007436590692416682,0.008253033272922039,0.0,0.0,0.0,0.000816442580505357,8.034348403074265e-06,8.556555432581714e-06
2000,26,4,CTATCGCA,0.0010276028626590786,0.0010276841900136446,0.001325688324868679,0.0,0.0,0.0,0.0002980041348550344,1.2225580544450443e-07,4.4756522370875684e-07
2000,26,4,CTATCGCA,0.0010276028626590786,0.0010276841900136446,0.0008572291699238122,0.0,0.0,0.0,-0.0001704550200898325,1.2225580544450443e-07,4.4756522370875684e-07
2000,26,4,CTATCGCA,0.0010276028626590786,0.0010276841900136446,0.0007177006918936968,0.0,0.0,0.0,-0.00030998349811994785,1.2225580544450443e-07,4.4756522370875684e-07
2000,26,4,CTATCGCA,0.0010276028626590786,0.0010276841900136446,0.0008501132251694798,0.0,0.0,0.0,-0.0001775709648441648,1.2225580544450443e-07,4.4756522370875684e-07
2000,27,4,CGGTCGCG,-0.40071384561054835,-0.7074794453644343,0.005458338186144829,-0.6156859106335171,-0.8387289449039507,-0.2230430342704336,0.7129377835505791,1.2274569149083303,0.0003945158927866066
2000,27,4,CTATCGCG,0.4202007019008077,0.4108258145074999,0.6730881333351135,0.20522863687783902,0.2795763149679835,0.0743476780901445,0.26226231882761364,0.050387244782596596,0.01288769520936528
2000,27,4,CTATCGCG,0.4202007019008077,0.4108258145074999,0.6335604190826416,0.20522863687783902,0.2795763149679835,0.0743476780901445,0.22273460457514171,0.050387244782596596,0.01288769520936528
2000,27,4,CTATCGCG,0.4202007019008077,0.4108258145074999,0.225760355591774,0.20522863687783902,0.2795763149679835,0.0743476780901445,-0.1850654589157259,0.050387244782596596,0.01288769520936528
2000,28,4,CTATCGCA,0.007699000832463278,0.007705194311043551,0.009374784305691719,0.0,0.0,0.0,0.0016695899946481685,2.3379744571241923e-06,2.711188877821402e-05
2000,28,4,CTATCGCA,0.007699000832463278,0.007705194311043551,0.009230615571141243,0.0,0.0,0.0,0.0015254212600976924,2.3379744571241923e-06,2.711188877821402e-05
2000,28,4,CTATCGCA,0.007699000832463278,0.007705194311043551,0.005364407319575548,0.0,0.0,0.0,-0.0023407869914680024,2.3379744571241923e-06,2.711188877821402e-05
2000,28,4,CTATCGCA,0.007699000832463278,0.007705194311043551,0.004739396274089813,0.0,0.0,0.0,-0.0029657980369537373,2.3379744571241923e-06,2.711188877821402e-05
2000,29,2,CGATCTAT,0.1710338556502768,0.1738251430051605,0.1738251894712448,0.0,0.0,0.0,4.6466084313578904e-08,9.413423123560971e-05,0.005676708941003028
2000,29,2,CGATCTAT,0.1710338556502768,0.1738251430051605,0.11123828589916229,0.0,0.0,0.0,-0.0625868571059982,9.413423123560971e-05,0.005676708941003028
2000,29,2,CGATCTAT,0.1710338556502768,0.1738251430051605,0.11602164804935455,0.0,0.0,0.0,-0.057803494955805945,9.413423123560971e-05,0.005676708941003028
2000,29,2,CGATCTAT,0.1710338556502768,0.1738251430051605,0.23641209304332733,0.0,0.0,0.0,0.06258695003816683,9.413423123560971e-05,0.005676708941003028
2000,30,4,CTATCGCA,0.03464311937899127,0.03450701568423642,0.026046618819236755,-0.01270206814163214,-0.007508282536643152,0.005193785604988989,-0.008460396864999664,0.0007510918759633944,0.00020667709694399683
2000,30,4,CGATCGCG,0.06004725566225555,0.04952358075752272,0.0222683846950531,0.01270206814163214,0.007508282536643152,-0.005193785604988989,-0.027255196062469622,0.04436338909063009,0.0022686894716987815
2000,30,4,CTATCGCA,0.03464311937899127,0.03450701568423642,0.04347952827811241,-0.01270206814163214,-0.007508282536643152,0.005193785604988989,0.008972512593875992,0.0007510918759633944,0.00020667709694399683
2000,30,4,CGATCGCG,0.06004725566225555,0.04952358075752272,0.05051374435424805,0.01270206814163214,0.007508282536643152,-0.005193785604988989,0.0009901635967253242,0.04436338909063009,0.0022686894716987815
2000,31,7,CTATCGCA,0.018784880258235388,0.01897006661433157,0.0042168572545051575,0.0,0.0,0.0,-0.014753209359826411,8.387512099171032e-05,0.0013801796136649613
2000,31,7,CTATCGCA,0.018784880258235388,0.01897006661433157,0.01733877882361412,0.0,0.0,0.0,-0.0016312877907174485,8.387512099171032e-05,0.0013801796136649613
2000,31,7,CTATCGCA,0.018784880258235388,0.01897006661433157,0.0330028310418129,0.0,0.0,0.0,0.014032764427481328,8.387512099171032e-05,0.0013801796136649613
2000,31,7,CTATCGCA,0.018784880258235388,0.01897006661433157,0.007069889921694994,0.0,0.0,0.0,-0.011900176692636575,8.387512099171032e-05,0.0013801796136649613
5000,0,2,CTATCGCA,0.00034079184249202754,0.00034073859205818735,0.0003407385083846748,0.0,0.0,0.0,-8.36735125631094e-11,1.0675497030820935e-07,2.541026278279901e-10
5000,0,2,CTATCGCA,0.00034079184249202754,0.00034073859205818735,0.00013581931125372648,0.0,0.0,0.0,-0.00020491928080446087,1.0675497030820935e-07,2.541026278279901e-10
5000,0,2,CTATCGCA,0.00034079184249202754,0.00034073859205818735,0.000522732618264854,0.0,0.0,0.0,0.0001819940262066666,1.0675497030820935e-07,2.541026278279901e-10
5000,0,2,CTATCGCA,0.00034079184249202754,0.00034073859205818735,0.0002647904912009835,0.0,0.0,0.0,-7.594810085720383e-05,1.0675497030820935e-07,2.541026278279901e-10
5000,1,3,CTATCGCA,0.05642454786840892,0.05635827814880175,0.07039348781108856,0.01971498346556861,0.023716779919251606,0.004001796453682996,0.014035209662286809,0.0018159772685389652,0.0016171681097174595
5000,1,3,CTATCGCG,-0.02243538599386552,-0.03850884152820466,-0.020194053649902344,-0.05914495039670583,-0.07115033975775481,-0.01200538936104898,0.01831478787830232,0.1922115258354289,0.14399115923241146
5000,1,3,CTATCGCA,0.05642454786840892,0.05635827814880175,0.0302802212536335,0.01971498346556861,0.023716779919251606,0.004001796453682996,-0.026078056895168254,0.0018159772685389652,0.0016171681097174595
5000,1,3,CTATCGCA,0.05642454786840892,0.05635827814880175,0.04225042834877968,0.01971498346556861,0.023716779919251606,0.004001796453682996,-0.014107849800022075,0.0018159772685389652,0.0016171681097174595
5000,2,6,CTATCGCA,0.23568871991202064,0.2232734567336568,0.007221589796245098,0.0,0.0,0.0,-0.2160518669374117,0.08453274542643102,0.010041166356248077
5000,2,6,CTATCGCA,0.23568871991202064,0.2232734567336568,0.23319125175476074,0.0,0.0,0.0,0.009917795021103931,0.08453274542643102,0.010041166356248077
5000,2,6,CTATCGCA,0.23568871991202064,0.2232734567336568,0.1405336558818817,0.0,0.0,0.0,-0.0827398008517751,0.08453274542643102,0.010041166356248077
5000,2,6,CTATCGCA,0.23568871991202064,0.2232734567336568,0.23488502204418182,0.0,0.0,0.0,0.011611565310525013,0.08453274542643102,0.010041166356248077
5000,3,6,CTATCGCA,0.011620221680239481,0.011742406573181263,0.0017635617405176163,0.019226502346217374,0.021566044084819103,0.002339541738601729,-0.009978844832663647,0.000887505308077019,0.0016206146657277154
5000,3,6,CGATCGCG,0.03428119388900005,0.022350754100145014,-0.01952531933784485,0.04188747455497794,0.03217439161178286,-0.009713082943195082,-0.041876073437989866,0.08291606367224169,0.011333424939111492
5000,3,6,CTATCGCA,0.011620221680239481,0.011742406573181263,0.00416313111782074,0.019226502346217374,0.021566044084819103,0.002339541738601729,-0.0075792754553605235,0.000887505308077019,0.0016206146657277154
5000,3,6,CTATCGCG,-0.08794675991339058,-0.0851301172930589,-0.0744255781173706,-0.0803404792474127,-0.07530647978142106,0.0050339994659916315,0.010704539175688296,0.07351515451271817,0.09041501023470833
5000,4,5,CGATCGCA,0.32143425457106767,0.32120670057621065,0.1837000846862793,-0.18171406452782357,-0.19152738443310519,-0.009813319905281614,-0.13750661588993135,0.16166894988622804,0.16053117991194288
5000,4,5,CGATCGCA,0.32143425457106767,0.32120670057621065,0.21201841533184052,-0.18171406452782357,-0.19152738443310519,-0.009813319905281614,-0.10918828524437013,0.16166894988622804,0.16053117991194288
5000,4,5,CGATCGCG,0.6848623836267148,0.704261469442421,0.37055355310440063,0.18171406452782357,0.19152738443310513,0.009813319905281559,-0.3337079163380203,0.014954678734671323,0.11195010781320214
5000,4,5,CGATCGCG,0.6848623836267148,0.704261469442421,1.5796890258789062,0.18171406452782357,0.19152738443310513,0.009813319905281559,0.8754275564364853,0.014954678734671323,0.11195010781320214
5000,5,6,CGATCGCG,0.2968066387608165,0.31399452196355454,0.30343687534332275,0.12487963709945532,0.13792647078918052,0.013046833689725201,-0.010557646620231786,0.09799590317609597,0.20112320239252446
5000,5,6,CTATCGCA,0.13030045596154274,0.13009256091131385,0.15033090114593506,-0.04162654569981841,-0.045975490263060165,-0.004348944563241752,0.020238340234621205,0.013536647574354799,0.012289277272981458
5000,5,6,CTATCGCA,0.13030045596154274,0.13009256091131385,0.04498077929019928,-0.04162654569981841,-0.045975490263060165,-0.004348944563241752,-0.08511178162111457,0.013536647574354799,0.012289277272981458
5000,5,6,CTATCGCA,0.13030045596154274,0.13009256091131385,0.09862290322780609,-0.04162654569981841,-0.045975490263060165,-0.004348944563241752,-0.03146965768350776,0.013536647574354799,0.012289277272981458
5000,6,6,CTATCGCG,-0.021673241654873426,-0.02356202614583876,-0.0493960976600647,-0.0516253492757012,-0.0531002771672795,-0.0014749278915782982,-0.025834071514225936,0.1527527351554676,0.14142002820967559
5000,6,6,CTATCGCA,0.047160557379394834,0.0472383434105339,0.03686115890741348,0.017208449758567064,0.017700092389093165,0.0004916426305261005,-0.010377184503120418,0.0012500704200522628,0.0017167866068866777
5000,6,6,CTATCGCA,0.047160557379394834,0.0472383434105339,0.06906265020370483,0.017208449758567064,0.017700092389093165,0.0004916426305261005,0.021824306793170933,0.0012500704200522628,0.0017167866068866777
5000,6,6,CTATCGCA,0.047160557379394834,0.0472383434105339,0.0037273357156664133,0.017208449758567064,0.017700092389093165,0.0004916426305261005,-0.04351100769486749,0.0012500704200522628,0.0017167866068866777
5000,7,3,CTATCGCA,0.00210011003046127,0.0021009960666004504,0.001771280774846673,0.0,0.0,0.0,-0.00032971529175377734,4.117066551012627e-07,3.069815072642701e-06
5000,7,3,CTATCGCA,0.00210011003046127,0.0021009960666004504,0.0017611279617995024,0.0,0.0,0.0,-0.000339868104800948,4.117066551012627e-07,3.069815072642701e-06
5000,7,3,CTATCGCA,0.00210011003046127,0.0021009960666004504,0.0003786261077038944,0.0,0.0,0.0,-0.001722369958896556,4.117066551012627e-07,3.069815072642701e-06
5000,7,3,CTATCGCA,0.00210011003046127,0.0021009960666004504,0.003893515793606639,0.0,0.0,0.0,0.0017925197270061886,4.117066551012627e-07,3.069815072642701e-06
5000,8,3,CGGTCGCG,-0.5151179690358351,-0.7354960888074453,-0.7799898386001587,-0.37144115766606245,-0.4380126640373621,-0.06657150637129966,-0.044493749792713366,0.6613137572824708,0.00017939796764007698
5000,8,3,CGATCGCG,0.9706466616284147,1.0165545673420031,0.8923042416572571,1.1143234729981875,1.3140379921120864,0.19971451911389893,-0.12425032568474603,0.01754232072901163,0.15526603786977633
5000,8,3,CGGTCGCG,-0.5151179690358351,-0.7354960888074453,-1.2869607210159302,-0.37144115766606245,-0.4380126640373621,-0.06657150637129966,-0.5514646322084849,0.6613137572824708,0.00017939796764007698
5000,8,3,CGGTCGCG,-0.5151179690358351,-0.7354960888074453,-0.4709307849407196,-0.37144115766606245,-0.4380126640373621,-0.06657150637129966,0.2645653038667257,0.6613137572824708,0.00017939796764007698
5000,9,4,CTATCGCA,0.004777095803195066,0.004766581790592195,0.0036267752293497324,0.0,0.0,0.0,-0.0011398065612424624,5.198237194256605e-05,9.926321531079918e-06
5000,9,4,CTATCGCA,0.004777095803195066,0.004766581790592195,0.008562019094824791,0.0,0.0,0.0,0.003795437304232596,5.198237194256605e-05,9.926321531079918e-06
5000,9,4,CTATCGCA,0.004777095803195066,0.004766581790592195,0.0017181126167997718,0.0,0.0,0.0,-0.003048469173792423,5.198237194256605e-05,9.926321531079918e-06
5000,9,4,CTATCGCA,0.004777095803195066,0.004766581790592195,0.0025881642941385508,0.0,0.0,0.0,-0.002178417496453644,5.198237194256605e-05,9.926321531079918e-06
5000,10,3,CGATCGCG,0.006720933530081509,0.006723782129837523,0.003558396128937602,0.0,0.0,0.0,-0.003165386000899921,6.479105041368172e-08,8.610590318453015e-06
5000,10,3,CGATCGCG,0.006720933530081509,0.006723782129837523,0.008801937103271484,0.0,0.0,0.0,0.0020781549734339615,6.479105041368172e-08,8.610590318453015e-06
5000,10,3,CGATCGCG,0.006720933530081509,0.006723782129837523,0.006366419605910778,0.0,0.0,0.0,-0.00035736252392674483,6.479105041368172e-08,8.610590318453015e-06
5000,10,3,CGATCGCG,0.006720933530081509,0.006723782129837523,0.00608861306682229,0.0,0.0,0.0,-0.0006351690630152325,6.479105041368172e-08,8.610590318453015e-06
5000,11,4,CTATCGCA,0.047594930372273754,0.04741972851577714,0.07512974739074707,0.0,0.0,0.0,0.027710018874969933,0.0016866979197958376,0.0009858904938093715
5000,11,4,CTATCGCA,0.047594930372273754,0.04741972851577714,0.10247457027435303,0.0,0.0,0.0,0.05505484175857589,0.0016866979197958376,0.0009858904938093715
5000,11,4,CTATCGCA,0.047594930372273754,0.04741972851577714,0.049663472920656204,0.0,0.0,0.0,0.0022437444048790667,0.0016866979197958376,0.0009858904938093715
5000,11,4,CTATCGCA,0.047594930372273754,0.04741972851577714,0.04858991876244545,0.0,0.0,0.0,0.0011701902466683123,0.0016866979197958376,0.0009858904938093715
5000,12,3,CTATCGCA,0.0024313053471202253,0.002431916598652606,0.0020267993677407503,0.0,0.0,0.0,-0.0004051172309118556,4.744260250211241e-07,2.3081806221625367e-06
5000,12,3,CTATCGCA,0.0024313053471202253,0.002431916598652606,0.0005980118876323104,0.0,0.0,0.0,-0.0018339047110202955,4.744260250211241e-07,2.3081806221625367e-06
5000,12,3,CTATCGCA,0.0024313053471202253,0.002431916598652606,0.0024097515270113945,0.0,0.0,0.0,-2.2165071641211398e-05,4.744260250211241e-07,2.3081806221625367e-06
5000,12,3,CTATCGCA,0.0024313053471202253,0.002431916598652606,0.0021061107981950045,0.0,0.0,0.0,-0.00032580580045760144,4.744260250211241e-07,2.3081806221625367e-06
5000,13,4,CTATCGCA,0.0019471761049164454,0.0019481317347027627,0.0036987843923270702,0.0,0.0,0.0,0.0017506526576243076,5.021174456359967e-07,4.324636590904984e-06
5000,13,4,CTATCGCA,0.0019471761049164454,0.0019481317347027627,0.001716354163363576,0.0,0.0,0.0,-0.00023177757133918675,5.021174456359967e-07,4.324636590904984e-06
5000,13,4,CTATCGCA,0.0019471761049164454,0.0019481317347027627,0.001589636318385601,0.0,0.0,0.0,-0.00035849541631716164,5.021174456359967e-07,4.324636590904984e-06
5000,13,4,CTATCGCA,0.0019471761049164454,0.0019481317347027627,0.0015863062581047416,0.0,0.0,0.0,-0.0003618254765980211,5.021174456359967e-07,4.324636590904984e-06
5000,14,3,CTATCGCA,0.0005732491358544367,0.0005732675878486285,0.0002999521675519645,0.0,0.0,0.0,-0.000273315420296664,8.773850987409126e-08,1.430944924496469e-07
5000,14,3,CTATCGCA,0.0005732491358544367,0.0005732675878486285,0.0004714756505563855,0.0,0.0,0.0,-0.00010179193729224301,8.773850987409126e-08,1.430944924496469e-07
5000,14,3,CTATCGCA,0.0005732491358544367,0.0005732675878486285,0.0007995967753231525,0.0,0.0,0.0,0.00022632918747452402,8.773850987409126e-08,1.430944924496469e-07
5000,14,3,CTATCGCA,0.0005732491358544367,0.0005732675878486285,0.000244301394559443,0.0,0.0,0.0,-0.00032896619328918553,8.773850987409126e-08,1.430944924496469e-07
5000,15,3,CTATCGCA,0.006845539600693877,0.006843885136630738,0.003896604757755995,0.0,0.0,0.0,-0.0029472803788747432,2.651865302907841e-05,2.155526083966186e-05
5000,15,3,CTATCGCA,0.006845539600693877,0.006843885136630738,0.007178732194006443,0.0,0.0,0.0,0.000334847057375705,2.651865302907841e-05,2.155526083966186e-05
5000,15,3,CTATCGCA,0.006845539600693877,0.006843885136630738,0.010746963322162628,0.0,0.0,0.0,0.00390307818553189,2.651865302907841e-05,2.155526083966186e-05
5000,15,3,CTATCGCA,0.006845539600693877,0.006843885136630738,0.004834168590605259,0.0,0.0,0.0,-0.002009716546025479,2.651865302907841e-05,2.155526083966186e-05
5000,16,3,CTATCGCA,0.010536154911238604,0.010556665013293923,0.005169438198208809,0.0,0.0,0.0,-0.005387226815085114,2.638328180232241e-06,6.416863434619002e-05
5000,16,3,CTATCGCA,0.010536154911238604,0.010556665013293923,0.011416072025895119,0.0,0.0,0.0,0.0008594070126011957,2.638328180232241e-06,6.416863434619002e-05
5000,16,3,CTATCGCA,0.010536154911238604,0.010556665013293923,0.012003567069768906,0.0,0.0,0.0,0.0014469020564749826,2.638328180232241e-06,6.416863434619002e-05
5000,16,3,CTATCGCA,0.010536154911238604,0.010556665013293923,0.012003567069768906,0.0,0.0,0.0,0.0014469020564749826,2.638328180232241e-06,6.416863434619002e-05
5000,17,3,CTATCGCA,0.002919182409196234,0.0029196295675749293,0.0030344908591359854,0.0,0.0,0.0,0.00011486129156105607,6.510465055953318e-09,1.3479856011411329e-06
5000,17,3,CTATCGCA,0.002919182409196234,0.0029196295675749293,0.0021823346614837646,0.0,0.0,0.0,-0.0007372949060911647,6.510465055953318e-09,1.3479856011411329e-06
5000,17,3,CTATCGCA,0.002919182409196234,0.0029196295675749293,0.003698427462950349,0.0,0.0,0.0,0.0007787978953754196,6.510465055953318e-09,1.3479856011411329e-06
5000,17,3,CTATCGCA,0.002919182409196234,0.0029196295675749293,0.0030344908591359854,0.0,0.0,0.0,0.00011486129156105607,6.510465055953318e-09,1.3479856011411329e-06
5000,18,5,CGATCGCG,0.5759732812255323,0.6028287509105097,0.22660303115844727,0.07168373834757635,0.08762141471273943,0.015937676365163078,-0.3762257197520624,0.016391860305264017,0.1506692087301511
5000,18,5,CGATCGCA,0.2892383278352268,0.25234309205955174,0.4546858072280884,-0.21505121504272912,-0.2628642441382185,-0.0478130290954894,0.20234271516853664,0.20511898225060632,0.02064280337223101
5000,18,5,CGATCGCG,0.5759732812255323,0.6028287509105097,0.9588900804519653,0.07168373834757635,0.08762141471273943,0.015937676365163078,0.35606132954145564,0.016391860305264017,0.1506692087301511
5000,18,5,CGATCGCG,0.5759732812255323,0.6028287509105097,0.00520623754709959,0.07168373834757635,0.08762141471273943,0.015937676365163078,-0.5976225133634101,0.016391860305264017,0.1506692087301511
5000,19,6,CGATCGCG,0.33810998676667814,0.35482425678146967,0.31303662061691284,0.05156021256242732,0.05609347570591183,0.004533263143484512,-0.04178763616455683,0.12155136568056601,0.2218369857693152
5000,19,6,CTATCGCA,0.13186913651696888,0.13045035395782248,0.18995286524295807,-0.15468063768728194,-0.16828042711773536,-0.013599789430453424,0.05950251128513559,0.017334911854318347,0.008822216499440039
5000,19,6,CGATCGCG,0.33810998676667814,0.35482425678146967,0.19839411973953247,0.05156021256242732,0.05609347570591183,0.004533263143484512,-0.1564301370419372,0.12155136568056601,0.2218369857693152
5000,19,6,CGATCGCG,0.33810998676667814,0.35482425678146967,1.5271388292312622,0.05156021256242732,0.05609347570591183,0.004533263143484512,1.1723145724497925,0.12155136568056601,0.2218369857693152
5000,20,4,CGATCGAT,0.35219423462083954,0.2591140683082074,0.18454086780548096,-0.3180565453472871,-0.4070029061232425,-0.08894636077595541,-0.07457320050272642,0.426242222464702,0.053921557214173355
5000,20,4,CGATCGCG,0.7762696284172222,0.801784609805864,0.36266201734542847,0.10601884844909559,0.13566763537441406,0.02964878692531847,-0.4391225924604355,0.01697762018004728,0.119037545734614
5000,20,4,CGATCGCG,0.7762696284172222,0.801784609805864,1.347632884979248,0.10601884844909559,0.13566763537441406,0.02964878692531847,0.5458482751733841,0.01697762018004728,0.119037545734614
5000,20,4,CGATCGCG,0.7762696284172222,0.801784609805864,1.3713535070419312,0.10601884844909559,0.13566763537441406,0.02964878692531847,0.5695688972360672,0.01697762018004728,0.119037545734614
5000,21,3,CTATCGCA,0.009167943047497887,0.009170257148525707,0.013544654473662376,0.0,0.0,0.0,0.00437439732513667,1.761639467984244e-05,2.4558697763299442e-05
5000,21,3,CTATCGCA,0.009167943047497887,0.009170257148525707,0.0035261912271380424,0.0,0.0,0.0,-0.005644065921387664,1.761639467984244e-05,2.4558697763299442e-05
5000,21,3,CTATCGCA,0.009167943047497887,0.009170257148525707,0.009897163137793541,0.0,0.0,0.0,0.0007269059892678342,1.761639467984244e-05,2.4558697763299442e-05
5000,21,3,CTATCGCA,0.009167943047497887,0.009170257148525707,0.005993776023387909,0.0,0.0,0.0,-0.003176481125137798,1.761639467984244e-05,2.4558697763299442e-05
5000,22,5,CTATCGCA,0.006804399141584103,0.0068082007052545634,0.0037800746504217386,0.0,0.0,0.0,-0.003028126054832825,8.360679874353655e-06,2.7368498226661153e-05
5000,22,5,CTATCGCA,0.006804399141584103,0.0068082007052545634,0.004917174577713013,0.0,0.0,0.0,-0.0018910261275415507,8.360679874353655e-06,2.7368498226661153e-05
5000,22,5,CTATCGCA,0.006804399141584103,0.0068082007052545634,0.007963641546666622,0.0,0.0,0.0,0.0011554408414120587,8.360679874353655e-06,2.7368498226661153e-05
5000,22,5,CTATCGCA,0.006804399141584103,0.0068082007052545634,0.007998245768249035,0.0,0.0,0.0,0.0011900450629944714,8.360679874353655e-06,2.7368498226661153e-05
5000,23,5,CTATCGCA,0.021642107178748465,0.02186800041835486,0.017401091754436493,0.018592868692020165,0.09781883754982053,0.07922596885780037,-0.004466908663918367,0.0004816334419889545,0.0016110996400209299
5000,23,5,CTATCGAT,0.11711444355612581,-0.08576513379075301,-0.08642542362213135,0.11406520506939752,-0.009814296659287347,-0.12387950172868487,-0.0006602898313783356,1.5072851446340918,0.4928872578996977
5000,23,5,CTATCGCA,0.021642107178748465,0.02186800041835486,0.03078911453485489,0.018592868692020165,0.09781883754982053,0.07922596885780037,0.00892111411650003,0.0004816334419889545,0.0016110996400209299
5000,23,5,CAATCGAT,-0.14820170396670954,-0.26177421557181935,-0.2928476929664612,-0.15125094245343784,-0.18582337844035368,-0.03457243598691584,-0.031073477394641835,0.6517946076134562,0.08393204958790701
5000,24,3,CTATCGCA,0.003276220791835612,0.0032780833377425247,0.004145229700952768,0.0,0.0,0.0,0.0008671463632102436,5.547008391504349e-07,6.1423385598891045e-06
5000,24,3,CTATCGCA,0.003276220791835612,0.0032780833377425247,0.003609606996178627,0.0,0.0,0.0,0.0003315236584361023,5.547008391504349e-07,6.1423385598891045e-06
5000,24,3,CTATCGCA,0.003276220791835612,0.0032780833377425247,0.0023711908143013716,0.0,0.0,0.0,-0.0009068925234411531,5.547008391504349e-07,6.1423385598891045e-06
5000,24,3,CTATCGCA,0.003276220791835612,0.0032780833377425247,0.0030440676491707563,0.0,0.0,0.0,-0.00023401568857176836,5.547008391504349e-07,6.1423385598891045e-06
5000,25,3,CGATCGCG,0.004087759249218355,0.004088004918331685,0.004146736115217209,0.0,0.0,0.0,5.8731196885523744e-05,4.908396411540394e-09,7.419157364019213e-07
5000,25,3,CGATCGCG,0.004087759249218355,0.004088004918331685,0.0028193825855851173,0.0,0.0,0.0,-0.0012686223327465678,4.908396411540394e-09,7.419157364019213e-07
5000,25,3,CGATCGCG,0.004087759249218355,0.004088004918331685,0.0023305907379835844,0.0,0.0,0.0,-0.0017574141803481007,4.908396411540394e-09,7.419157364019213e-07
5000,25,3,CGATCGCG,0.004087759249218355,0.004088004918331685,0.00417576776817441,0.0,0.0,0.0,8.776284984272475e-05,4.908396411540394e-09,7.419157364019213e-07
5000,26,5,CTATCGCA,0.2661769862203793,0.2463384850136503,0.32387885451316833,-0.014496986816220081,0.04191958646996738,0.05641657328618746,0.07754036949951804,0.10898770913202799,0.009795203098382999
5000,26,5,CTATCGCA,0.2661769862203793,0.2463384850136503,0.2660767734050751,-0.014496986816220081,0.04191958646996738,0.05641657328618746,0.019738288391424774,0.10898770913202799,0.009795203098382999
5000,26,5,TTTGCGCG,0.3241649334852596,0.07866013913378075,-0.531726598739624,0.04349096044866024,-0.12575875940990217,-0.1692497198585624,-0.6103867378734048,1.3437754654436755,0.1162514936862813
5000,26,5,CTATCGCA,0.2661769862203793,0.2463384850136503,0.13034261763095856,-0.014496986816220081,0.04191958646996738,0.05641657328618746,-0.11599586738269174,0.10898770913202799,0.009795203098382999
5000,27,3,CTATCGCA,0.061207456967848,0.06090421192278783,0.036876894533634186,0.013982478138280643,0.015756929058694726,0.001774450920414082,-0.024027317389153646,0.0019695851083980087,0.0010598499732175082
5000,27,3,CTATCGCA,0.061207456967848,0.06090421192278783,0.09132124483585358,0.013982478138280643,0.015756929058694726,0.001774450920414082,0.030417032913065745,0.0019695851083980087,0.0010598499732175082
5000,27,3,CTATCGCA,0.061207456967848,0.06090421192278783,0.0993487685918808,0.013982478138280643,0.015756929058694726,0.001774450920414082,0.038444556669092966,0.0019695851083980087,0.0010598499732175082
5000,27,3,CTATCGCG,0.005277544414725425,-0.0021235043119910793,0.14195486903190613,-0.04194743441484193,-0.047270787176084184,-0.005323352761242253,0.1440783733438972,0.16859040431961736,0.14638725813946785
5000,28,2,CGATCGCG,0.16366552830901943,0.16398959115394973,0.23379218578338623,0.036371246019872155,0.03633920882543862,-3.2037194433537364e-05,0.0698025946294365,8.437791354842794e-06,0.0006565634812154553
5000,28,2,CGATCGCG,0.16366552830901943,0.16398959115394973,0.1891459822654724,0.036371246019872155,0.03633920882543862,-3.2037194433537364e-05,0.02515639111152268,8.437791354842794e-06,0.0006565634812154553
5000,28,2,CTATCGCG,0.018180544229530804,0.01863275585219526,-0.002303093671798706,-0.10911373805961647,-0.10901762647631585,9.611158330061209e-05,-0.020935849523993966,7.505912488214861e-06,0.0009119291578171262
5000,28,2,CGATCGCG,0.16366552830901943,0.16398959115394973,0.1388331949710846,0.036371246019872155,0.03633920882543862,-3.2037194433537364e-05,-0.025156396182865137,8.437791354842794e-06,0.0006565634812154553
5000,29,5,CTATCGCG,0.16818104023663938,0.16778660072335788,0.24902182817459106,0.0,0.0,0.0,0.08123522745123318,0.007880882459640817,0.0059086848932333735
5000,29,5,CTATCGCG,0.16818104023663938,0.16778660072335788,0.14028266072273254,0.0,0.0,0.0,-0.027503940000625338,0.007880882459640817,0.0059086848932333735
5000,29,5,CTATCGCG,0.16818104023663938,0.16778660072335788,0.2784070670604706,0.0,0.0,0.0,0.1106204663371127,0.007880882459640817,0.0059086848932333735
5000,29,5,CTATCGCG,0.16818104023663938,0.16778660072335788,0.21724346280097961,0.0,0.0,0.0,0.04945686207762173,0.007880882459640817,0.0059086848932333735
5000,30,5,CTATCTCA,0.05960643149917753,0.058666118253420406,0.001999884843826294,0.0462566823363921,0.03907547063061201,-0.007181211705780094,-0.05666623340959411,0.016144437832488312,0.01144287160370272
5000,30,5,CTATCTAA,-0.16533522151807906,-0.15292017654240234,-0.26457685232162476,-0.17868497068086447,-0.17251082416521074,0.006174146515653733,-0.11165667577922242,0.20557052679371202,0.2676457516720956
5000,30,5,CTATCTAT,0.09952135517086572,0.11395053052679512,0.056480079889297485,0.08617160600808028,0.09435988290398672,0.00818827689590644,-0.05747045063749763,0.1696321958534166,0.2417780726330636
5000,30,5,CTATCTCA,0.05960643149917753,0.058666118253420406,0.04104447364807129,0.0462566823363921,0.03907547063061201,-0.007181211705780094,-0.017621644605349117,0.016144437832488312,0.01144287160370272
5000,31,7,CGATCGCG,0.0664251212626252,0.05308155039171604,0.05292461812496185,0.029036042697851643,0.022337660167927074,-0.006698382529924569,-0.0001569322667541867,0.1411215513765467,0.04771655528018259
5000,31,7,CTATCGCA,0.008353035866921923,0.008406230055861894,0.003141779452562332,-0.029036042697851636,-0.02233766016792707,0.006698382529924565,-0.005264450603299562,0.001756818951384409,0.002129178273964194
5000,31,7,CTATCGCA,0.008353035866921923,0.008406230055861894,0.0013309475034475327,-0.029036042697851636,-0.02233766016792707,0.006698382529924565,-0.007075282552414361,0.001756818951384409,0.002129178273964194
5000,31,7,CGATCGCG,0.0664251212626252,0.05308155039171604,0.036850959062576294,0.029036042697851643,0.022337660167927074,-0.006698382529924569,-0.016230591329139746,0.1411215513765467,0.04771655528018259
10000,0,6,CTATCGCA,0.006584924560052607,0.006340449935305396,0.01157834567129612,0.0,0.0,0.0,0.0052378957359907235,0.0035782025009047924,0.0021113547524215237
10000,0,6,CTATCGCA,0.006584924560052607,0.006340449935305396,0.009857481345534325,0.0,0.0,0.0,0.0035170314102289284,0.0035782025009047924,0.0021113547524215237
10000,0,6,CTATCGCA,0.006584924560052607,0.006340449935305396,0.00423437962308526,0.0,0.0,0.0,-0.002106070312220136,0.0035782025009047924,0.0021113547524215237
10000,0,6,CTATCGCA,0.006584924560052607,0.006340449935305396,0.006902188062667847,0.0,0.0,0.0,0.0005617381273624504,0.0035782025009047924,0.0021113547524215237
10000,1,4,CTATCGCA,0.0030700550480178244,0.0030729215516961395,0.002314087701961398,0.0,0.0,0.0,-0.0007588338497347413,5.426876053468699e-07,1.2008702318606901e-05
10000,1,4,CTATCGCA,0.0030700550480178244,0.0030729215516961395,0.00243464601226151,0.0,0.0,0.0,-0.0006382755394346296,5.426876053468699e-07,1.2008702318606901e-05
10000,1,4,CTATCGCA,0.0030700550480178244,0.0030729215516961395,0.0033858732786029577,0.0,0.0,0.0,0.00031295172690681827,5.426876053468699e-07,1.2008702318606901e-05
10000,1,4,CTATCGCA,0.0030700550480178244,0.0030729215516961395,0.002755816327407956,0.0,0.0,0.0,-0.00031710522428818333,5.426876053468699e-07,1.2008702318606901e-05
10000,2,5,CTATCGCA,0.08911602958408799,0.08437079632144151,0.004665548913180828,0.0,0.0,0.0,-0.07970524740826068,0.02501145134436339,0.0012852850311310116
10000,2,5,CTATCGCA,0.08911602958408799,0.08437079632144151,0.029261082410812378,0.0,0.0,0.0,-0.05510971391062913,0.02501145134436339,0.0012852850311310116
10000,2,5,CTATCGCA,0.08911602958408799,0.08437079632144151,0.19589027762413025,0.0,0.0,0.0,0.11151948130268874,0.02501145134436339,0.0012852850311310116
10000,2,5,CTATCGCA,0.08911602958408799,0.08437079632144151,0.16266563534736633,0.0,0.0,0.0,0.07829483902592482,0.02501145134436339,0.0012852850311310116
10000,3,5,TTTGGGCG,-0.024693204741511397,-0.025090185996453584,-0.002593565732240677,0.0,0.0,0.0,0.022496620264212907,0.0026566759450152855,0.0006717696703043563
10000,3,5,TTTGGGCG,-0.024693204741511397,-0.025090185996453584,-0.05624988675117493,0.0,0.0,0.0,-0.031159700754721343,0.0026566759450152855,0.0006717696703043563
10000,3,5,TTTGGGCG,-0.024693204741511397,-0.025090185996453584,-0.01067732647061348,0.0,0.0,0.0,0.014412859525840104,0.0026566759450152855,0.0006717696703043563
10000,3,5,TTTGGGCG,-0.024693204741511397,-0.025090185996453584,-0.02137211710214615,0.0,0.0,0.0,0.003718068894307435,0.0026566759450152855,0.0006717696703043563
10000,4,1,CTATCGCA,0.0006210805149748921,0.0006210805149748921,0.0006210805149748921,0.0,0.0,0.0,0.0,0.0,0.0
10000,4,1,CTATCGCA,0.0006210805149748921,0.0006210805149748921,0.0006210805149748921,0.0,0.0,0.0,0.0,0.0,0.0
10000,4,1,CTATCGCA,0.0006210805149748921,0.0006210805149748921,0.0006210805149748921,0.0,0.0,0.0,0.0,0.0,0.0
10000,4,1,CTATCGCA,0.0006210805149748921,0.0006210805149748921,0.0006210805149748921,0.0,0.0,0.0,0.0,0.0,0.0
10000,5,7,CTATCGCA,0.21900333789647486,0.2035708266411039,0.4144158959388733,-0.05611747401997469,-0.011433653635651742,0.04468382038432295,0.2108450692977694,0.12189793270738769,0.013870353919791079
10000,5,7,CTATCGCA,0.21900333789647486,0.2035708266411039,0.261269211769104,-0.05611747401997469,-0.011433653635651742,0.04468382038432295,0.0576983851280001,0.12189793270738769,0.013870353919791079
10000,5,7,CGATCGCG,0.38599672358981957,0.38106720597054455,0.13513922691345215,0.11087591167337002,0.1660627256937889,0.05518681402041889,-0.2459279790570924,0.22413599501589188,0.18962937168096694
10000,5,7,TTTGCGCG,0.27647984828302885,0.07180906185427029,-0.36263030767440796,0.0013590363665793026,-0.14319541842248534,-0.14455445478906465,-0.43443936952867823,1.521993234612447,0.08929772961113702
10000,6,3,TTTAGGCC,0.012760976364245493,0.012763354276557948,0.008437504991889,0.0,0.0,0.0,-0.004325849284668948,1.0164445460314475e-07,7.235381391967888e-06
10000,6,3,TTTAGGCC,0.012760976364245493,0.012763354276557948,0.015336872078478336,0.0,0.0,0.0,0.0025735178019203886,1.0164445460314475e-07,7.235381391967888e-06
10000,6,3,TTTAGGCC,0.012760976364245493,0.012763354276557948,0.012596676126122475,0.0,0.0,0.0,-0.00016667815043547307,1.0164445460314475e-07,7.235381391967888e-06
10000,6,3,TTTAGGCC,0.012760976364245493,0.012763354276557948,0.0120661910623312,0.0,0.0,0.0,-0.0006971632142267481,1.0164445460314475e-07,7.235381391967888e-06
10000,7,3,CTATCGCG,-0.1585568570108681,-0.15990175821792066,-0.14347004890441895,-0.1267422197991802,-0.12775093231433232,-0.0010087125151521104,0.016431709313501713,0.012770990281248729,0.008736286660091075
10000,7,3,CTATCGCA,0.010432769388038832,0.010432818201189095,0.0039975605905056,0.042247406599726735,0.042583644104777434,0.0003362375050506988,-0.006435257610683495,2.4412258312511703e-05,2.4558697763299442e-05
10000,7,3,CTATCGCA,0.010432769388038832,0.010432818201189095,0.012397797778248787,0.042247406599726735,0.042583644104777434,0.0003362375050506988,0.001964979577059692,2.4412258312511703e-05,2.4558697763299442e-05
10000,7,3,CTATCGCA,0.010432769388038832,0.010432818201189095,0.01053247693926096,0.042247406599726735,0.042583644104777434,0.0003362375050506988,9.965873807186477e-05,2.4412258312511703e-05,2.4558697763299442e-05
10000,8,5,TTTAGGCC,0.014262733300992458,0.014318461199861864,0.006255030632019043,0.01704081715369188,0.01590898092276083,-0.0011318362309310492,-0.008063430567842821,6.951579938241359e-05,0.0003481552937294463
10000,8,5,TTTAGGCC,0.014262733300992458,0.014318461199861864,0.011609137058258057,0.01704081715369188,0.01590898092276083,-0.0011318362309310492,-0.0027093241416038076,6.951579938241359e-05,0.0003481552937294463
10000,8,5,TTTAGGCC,0.014262733300992458,0.014318461199861864,0.01486882008612156,0.01704081715369188,0.01590898092276083,-0.0011318362309310492,0.0005503588862596949,6.951579938241359e-05,0.0003481552937294463
10000,8,5,TTTAGGCG,-0.053900535313775054,-0.04931746249118145,0.0023398399353027344,-0.051122451461075635,-0.04772694276828249,0.0033955086927931477,0.05165730242648418,0.017922384321525264,0.04083774843449328
10000,9,5,CTATCGCA,0.003979589451385102,0.003981417862040537,0.004435637034475803,0.0,0.0,0.0,0.0004542191724352662,1.1412079333750214e-06,1.0283261210549538e-05
10000,9,5,CTATCGCA,0.003979589451385102,0.003981417862040537,0.004067838657647371,0.0,0.0,0.0,8.642079560683413e-05,1.1412079333750214e-06,1.0283261210549538e-05
10000,9,5,CTATCGCA,0.003979589451385102,0.003981417862040537,0.002917396603152156,0.0,0.0,0.0,-0.0010640212588883813,1.1412079333750214e-06,1.0283261210549538e-05
10000,9,5,CTATCGCA,0.003979589451385102,0.003981417862040537,0.0026160134002566338,0.0,0.0,0.0,-0.0013654044617839034,1.1412079333750214e-06,1.0283261210549538e-05
10000,10,5,CTATCGCA,0.004126066595654941,0.00413579952319818,0.005389572586864233,0.0,0.0,0.0,0.001253773063666053,8.140265247529033e-07,4.947866424095254e-05
10000,10,5,CTATCGCA,0.004126066595654941,0.00413579952319818,0.004293987527489662,0.0,0.0,0.0,0.00015818800429148218,8.140265247529033e-07,4.947866424095254e-05
10000,10,5,CTATCGCA,0.004126066595654941,0.00413579952319818,0.004330343566834927,0.0,0.0,0.0,0.00019454404363674661,8.140265247529033e-07,4.947866424095254e-05
10000,10,5,CTATCGCA,0.004126066595654941,0.00413579952319818,0.004489083308726549,0.0,0.0,0.0,0.00035328378552836916,8.140265247529033e-07,4.947866424095254e-05
10000,11,2,TTTGCGCG,0.030050100305545446,0.03004831624025428,0.030048316344618797,0.22772161696596052,0.2319751593470869,0.0042535423811263795,1.0436451702844352e-10,4.449618926760657e-06,8.814883444285826e-07
10000,11,2,TTTGCGCG,0.030050100305545446,0.03004831624025428,0.04517295956611633,0.22772161696596052,0.2319751593470869,0.0042535423811263795,0.015124643325862053,4.449618926760657e-06,8.814883444285826e-07
10000,11,2,TTTACGCG,-0.8808363675582966,-0.8978523211480933,-1.4081363677978516,-0.6831648508978816,-0.6959254780412607,-0.01276062714337911,-0.5102840466497582,0.03421492716522678,0.0001830199856334147
10000,11,2,TTTGCGCG,0.030050100305545446,0.03004831624025428,0.0300483126193285,0.22772161696596052,0.2319751593470869,0.0042535423811263795,-3.6209257814334705e-09,4.449618926760657e-06,8.814883444285826e-07
10000,12,4,CTATCGCA,0.0028954179620188647,0.0028965736219106475,0.0010847356170415878,0.0,0.0,0.0,-0.0018118380048690597,6.371062973783981e-07,5.259745864509557e-06
10000,12,4,CTATCGCA,0.0028954179620188647,0.0028965736219106475,0.0011522291461005807,0.0,0.0,0.0,-0.0017443444758100668,6.371062973783981e-07,5.259745864509557e-06
10000,12,4,CTATCGCA,0.0028954179620188647,0.0028965736219106475,0.0012012969236820936,0.0,0.0,0.0,-0.0016952766982285539,6.371062973783981e-07,5.259745864509557e-06
10000,12,4,CTATCGCA,0.0028954179620188647,0.0028965736219106475,0.003509534290060401,0.0,0.0,0.0,0.0006129606681497535,6.371062973783981e-07,5.259745864509557e-06
10000,13,4,CTATCGCA,0.0029101762606811906,0.002911728593820384,0.0021953913383185863,0.0,0.0,0.0,-0.0007163372555017977,2.506331598095546e-06,8.715664154869407e-06
10000,13,4,CTATCGCA,0.0029101762606811906,0.002911728593820384,0.0010130183072760701,0.0,0.0,0.0,-0.001898710286544314,2.506331598095546e-06,8.715664154869407e-06
10000,13,4,CTATCGCA,0.0029101762606811906,0.002911728593820384,0.002539004199206829,0.0,0.0,0.0,-0.000372724394613555,2.506331598095546e-06,8.715664154869407e-06
10000,13,4,CTATCGCA,0.0029101762606811906,0.002911728593820384,0.003923941869288683,0.0,0.0,0.0,0.0010122132754682989,2.506331598095546e-06,8.715664154869407e-06
10000,14,4,CTATCGCG,0.43221256138787834,0.4263746912829067,0.9138357043266296,0.1162742933406693,0.18166313361038403,0.06538884026971473,0.4874610130437229,0.03412304082632345,0.010771560406436897
10000,14,4,CGGTCGCG,-0.44241180102375677,-0.8174351290868741,-0.36563003063201904,-0.7583500690709658,-1.0621466867593967,-0.3037966176884309,0.45180509845485506,1.500413927870091,0.0003206156176216446
10000,14,4,CGATCGCG,0.6369761559123572,0.6849533342470291,1.15952467918396,0.3210378878651482,0.44024177657450636,0.11920388870935816,0.4745713449369309,0.02553918191189608,0.2174478952505834
10000,14,4,CGATCGCG,0.6369761559123572,0.6849533342470291,0.3504205346107483,0.3210378878651482,0.44024177657450636,0.11920388870935816,-0.3345327996362808,0.02553918191189608,0.2174478952505834
10000,15,5,CGATCGCG,0.3712292547370241,0.3904400019204092,0.6450795531272888,0.15722167611651255,0.17246885330426417,0.01524717718775162,0.25463955120687964,0.11132662336337162,0.20738035928029674
10000,15,5,CTATCGCA,0.1616003532483407,0.16048153084805694,0.007882855832576752,-0.05240722537217085,-0.05748961776808806,-0.005082392395917207,-0.1525986750154802,0.020447327091838774,0.014853215090419924
10000,15,5,CTATCGCA,0.1616003532483407,0.16048153084805694,0.12437330186367035,-0.05240722537217085,-0.05748961776808806,-0.005082392395917207,-0.03610822898438659,0.020447327091838774,0.014853215090419924
10000,15,5,CTATCGCA,0.1616003532483407,0.16048153084805694,0.03736846148967743,-0.05240722537217085,-0.05748961776808806,-0.005082392395917207,-0.12311306935837951,0.020447327091838774,0.014853215090419924
10000,16,3,CGGTCGCG,-0.506526687755772,-0.9079671916600395,-0.14755462110042572,-0.7128286691677511,-0.9329562997372703,-0.22012763056951923,0.7604125705596138,1.2045797685431114,0.00025825683030933355
10000,16,3,CGATCGCG,0.9191306505797301,0.9579454078145013,1.8428196907043457,0.712828669167751,0.9329562997372705,0.22012763056951945,0.8848742828898444,0.045116127467236034,0.16156039917154974
10000,16,3,CGATCGCG,0.9191306505797301,0.9579454078145013,0.9902524948120117,0.712828669167751,0.9329562997372705,0.22012763056951945,0.03230708699751039,0.045116127467236034,0.16156039917154974
10000,16,3,CGGTCGCG,-0.506526687755772,-0.9079671916600395,-0.8531169295310974,-0.7128286691677511,-0.9329562997372703,-0.22012763056951923,0.05485026212894206,1.2045797685431114,0.00025825683030933355
10000,17,4,CTATCGCA,0.05122035100202306,0.05119319855343929,0.05602570250630379,0.0,0.0,0.0,0.0048325039528644975,0.001094500288144451,0.0009858904938093715
10000,17,4,CTATCGCA,0.05122035100202306,0.05119319855343929,0.0554392971098423,0.0,0.0,0.0,0.004246098556403011,0.001094500288144451,0.0009858904938093715
10000,17,4,CTATCGCA,0.05122035100202306,0.05119319855343929,0.026671845465898514,0.0,0.0,0.0,-0.024521353087540776,0.001094500288144451,0.0009858904938093715
10000,17,4,CTATCGCA,0.05122035100202306,0.05119319855343929,0.07311156392097473,0.0,0.0,0.0,0.02191836536753544,0.001094500288144451,0.0009858904938093715
10000,18,2,TGTGGGCG,0.30383642414649165,0.30410557676805183,0.2461092621088028,0.0,0.0,0.0,-0.05799631465924904,7.275188375843733e-05,0.0006110571268788112
10000,18,2,TGTGGGCG,0.30383642414649165,0.30410557676805183,0.1648659110069275,0.0,0.0,0.0,-0.13923966576112434,7.275188375843733e-05,0.0006110571268788112
10000,18,2,TGTGGGCG,0.30383642414649165,0.30410557676805183,0.2461092621088028,0.0,0.0,0.0,-0.05799631465924904,7.275188375843733e-05,0.0006110571268788112
10000,18,2,TGTGGGCG,0.30383642414649165,0.30410557676805183,0.2461092621088028,0.0,0.0,0.0,-0.05799631465924904,7.275188375843733e-05,0.0006110571268788112
10000,19,4,TTTGCGCG,0.5851162492552604,0.5937845467314417,0.7069582343101501,0.26293389135791456,0.26978290276715333,0.00684901140923877,0.11317368757870849,0.003690622015391193,0.0383638119201164
10000,19,4,TTTGGGCG,-0.46661931617639796,-0.4853470643371717,-0.6442475914955139,-0.7888016740737438,-0.80934870830146,-0.0205470342277162,-0.15890052715834224,0.0755919052075158,0.0006809125644209046
10000,19,4,TTTGCGCG,0.5851162492552604,0.5937845467314417,0.6697741150856018,0.26293389135791456,0.26978290276715333,0.00684901140923877,0.07598956835416015,0.003690622015391193,0.0383638119201164
10000,19,4,TTTGCGCG,0.5851162492552604,0.5937845467314417,0.4320502281188965,0.26293389135791456,0.26978290276715333,0.00684901140923877,-0.16173431861254517,0.003690622015391193,0.0383638119201164
10000,20,4,CAATCTAT,-0.10876652235053633,-0.12533226172574063,-0.1274915188550949,-0.18968292339730441,-0.2026705470568687,-0.012987623659564296,-0.002159257129354275,0.06871519061989195,0.0024522331190747204
10000,20,4,CAATATAT,0.27059932444407253,0.2800088323879968,0.250434935092926,0.18968292339730441,0.2026705470568687,0.012987623659564296,-0.02957389729507076,0.054938807226941,0.09257683900263802
10000,20,4,CAATCTAT,-0.10876652235053633,-0.12533226172574063,-0.2800293266773224,-0.18968292339730441,-0.2026705470568687,-0.012987623659564296,-0.15469706495158175,0.06871519061989195,0.0024522331190747204
10000,20,4,CAATATAT,0.27059932444407253,0.2800088323879968,0.23367992043495178,0.18968292339730441,0.2026705470568687,0.012987623659564296,-0.046328911953045004,0.054938807226941,0.09257683900263802
10000,21,5,CTATCGCA,0.018545153915169588,0.018643033390846497,0.04317477345466614,0.0,0.0,0.0,0.02453174006381964,0.000160112600200088,0.0006495099785846364
10000,21,5,CTATCGCA,0.018545153915169588,0.018643033390846497,0.018066197633743286,0.0,0.0,0.0,-0.0005768357571032112,0.000160112600200088,0.0006495099785846364
10000,21,5,CTATCGCA,0.018545153915169588,0.018643033390846497,0.030704539269208908,0.0,0.0,0.0,0.01206150587836241,0.000160112600200088,0.0006495099785846364
10000,21,5,CTATCGCA,0.018545153915169588,0.018643033390846497,0.004920773673802614,0.0,0.0,0.0,-0.013722259717043883,0.000160112600200088,0.0006495099785846364
10000,22,3,CTATCGCA,0.00043179966921519375,0.00043178083797101863,0.00037996505852788687,0.0,0.0,0.0,-5.181577944313176e-05,1.4420193286679428e-07,8.770820034142979e-08
10000,22,3,CTATCGCA,0.00043179966921519375,0.00043178083797101863,0.00020834594033658504,0.0,0.0,0.0,-0.00022343489763443358,1.4420193286679428e-07,8.770820034142979e-08
10000,22,3,CTATCGCA,0.00043179966921519375,0.00043178083797101863,0.00045162567403167486,0.0,0.0,0.0,1.9844836060656235e-05,1.4420193286679428e-07,8.770820034142979e-08
10000,22,3,CTATCGCA,0.00043179966921519375,0.00043178083797101863,0.0006167554529383779,0.0,0.0,0.0,0.00018497461496735923,1.4420193286679428e-07,8.770820034142979e-08
10000,23,2,CTATCGCA,0.0005204510655658634,0.0005204560220590793,0.0004967113491147757,0.0,0.0,0.0,-2.3744672944303602e-05,1.8071043550449417e-09,1.172009078675984e-08
10000,23,2,CTATCGCA,0.0005204510655658634,0.0005204560220590793,0.0005736507591791451,0.0,0.0,0.0,5.319473712006584e-05,1.8071043550449417e-09,1.172009078675984e-08
10000,23,2,CTATCGCA,0.0005204510655658634,0.0005204560220590793,0.0005736507591791451,0.0,0.0,0.0,5.319473712006584e-05,1.8071043550449417e-09,1.172009078675984e-08
10000,23,2,CTATCGCA,0.0005204510655658634,0.0005204560220590793,0.0005146312178112566,0.0,0.0,0.0,-5.8248042478226125e-06,1.8071043550449417e-09,1.172009078675984e-08
10000,24,6,TTTGGGCC,-0.05688436139436511,-0.06116056121036051,-0.1535235196352005,-0.10076403199785386,-0.10335942928154382,-0.0025953972836899597,-0.09236295842483999,0.03128254769487926,0.00562534879890686
10000,24,6,TTTAGGCC,0.10366718154680353,0.10424124319710397,0.06858120113611221,0.059787510943314776,0.06204237512592067,0.002254864182605891,-0.035660042060991756,0.009810892161398077,0.013255262063200712
10000,24,6,TTTAGGCG,0.02506868071471306,0.02147354710088578,0.1276959478855133,-0.018810989888775696,-0.02072532097029752,-0.0019143310815218258,0.10622240078462752,0.055365905117870096,0.03379510343490644
10000,24,6,TTTAGGCC,0.10366718154680353,0.10424124319710397,0.009476028382778168,0.059787510943314776,0.06204237512592067,0.002254864182605891,-0.0947652148143258,0.009810892161398077,0.013255262063200712
10000,25,7,TTTGCGCG,0.3931871697625718,0.3632196531929086,0.7271966934204102,0.048883768308413844,0.0795178345538759,0.030634066245462055,0.36397704022750155,0.28700288140197383,0.07723026541433153
10000,25,7,TTTTCGCA,0.19765209652891638,0.04514831497740498,-0.08221292495727539,-0.14665130492524156,-0.23855350366162772,-0.09190219873638616,-0.12736123993468038,1.5362778251295364,0.46875135426895653
10000,25,7,TTTGCGCG,0.3931871697625718,0.3632196531929086,0.3225182294845581,0.048883768308413844,0.0795178345538759,0.030634066245462055,-0.040701423708350504,0.28700288140197383,0.07723026541433153
10000,25,7,TTTGCGCG,0.3931871697625718,0.3632196531929086,0.27906471490859985,0.048883768308413844,0.0795178345538759,0.030634066245462055,-0.08415493828430876,0.28700288140197383,0.07723026541433153
10000,26,4,CGATCGCG,0.02036626820871612,0.012593769356726625,-0.030140399932861328,-0.004713146130389631,-0.010716602799504954,-0.006003456669115323,-0.04273416928958795,0.051023755062584275,0.019933759654626293
10000,26,4,CTATCGCA,0.02665046304923563,0.026882573089399897,0.04594224691390991,0.001571048710129877,0.003572200933168318,0.002001152223038441,0.019059673824510015,0.0005081647094446473,0.0014366048701017209
10000,26,4,CTATCGCA,0.02665046304923563,0.026882573089399897,0.01263728179037571,0.001571048710129877,0.003572200933168318,0.002001152223038441,-0.014245291299024188,0.0005081647094446473,0.0014366048701017209
10000,26,4,CTATCGCA,0.02665046304923563,0.026882573089399897,0.02216368168592453,0.001571048710129877,0.003572200933168318,0.002001152223038441,-0.004718891403475367,0.0005081647094446473,0.0014366048701017209
10000,27,2,TTTAGGCC,0.023624740346828932,0.023640045057391035,0.020909998565912247,0.0,0.0,0.0,-0.002730046491478788,2.878829414076911e-06,3.348825053828275e-05
10000,27,2,TTTAGGCC,0.023624740346828932,0.023640045057391035,0.01092463731765747,0.0,0.0,0.0,-0.012715407739733564,2.878829414076911e-06,3.348825053828275e-05
10000,27,2,TTTAGGCC,0.023624740346828932,0.023640045057391035,0.018647335469722748,0.0,0.0,0.0,-0.004992709587668287,2.878829414076911e-06,3.348825053828275e-05
10000,27,2,TTTAGGCC,0.023624740346828932,0.023640045057391035,0.03136271983385086,0.0,0.0,0.0,0.007722674776459826,2.878829414076911e-06,3.348825053828275e-05
10000,28,7,CGATCGCG,0.38599672358981957,0.38106720597054455,0.4907633662223816,0.20522085679070146,0.25404942381139306,0.048828567020691604,0.10969616025183704,0.22413599501589188,0.18962937168096694
10000,28,7,TTTAGGCC,-0.10089993218629686,-0.2801377306161465,0.18540123105049133,-0.28167579898541495,-0.40715551277529793,-0.12547971378988299,0.46553896166663783,1.2718516947536722,0.017187105744724818
10000,28,7,CTATCGCA,0.21900333789647486,0.2035708266411039,0.3264530897140503,0.03822747109735675,0.07655304448195244,0.03832557338459569,0.12288226307294639,0.12189793270738769,0.013870353919791079
10000,28,7,CTATCGCA,0.21900333789647486,0.2035708266411039,0.485800176858902,0.03822747109735675,0.07655304448195244,0.03832557338459569,0.28222935021779805,0.12189793270738769,0.013870353919791079
10000,29,6,TTTGGGCC,-0.06760144065779607,-0.07206089669381166,-0.06825366616249084,-0.04497435816996985,-0.04618429694343747,-0.001209938773467617,0.0038072305313208155,0.03121970923750217,0.004462973021408634
10000,29,6,TTTGGGCC,-0.06760144065779607,-0.07206089669381166,-0.14627869427204132,-0.04497435816996985,-0.04618429694343747,-0.001209938773467617,-0.07421779757822966,0.03121970923750217,0.004462973021408634
10000,29,6,TTTGGGCC,-0.06760144065779607,-0.07206089669381166,-0.14669954776763916,-0.04497435816996985,-0.04618429694343747,-0.001209938773467617,-0.0746386510738275,0.03121970923750217,0.004462973021408634
10000,29,6,TTTAGGCC,0.11229599202208336,0.11267629107993822,0.17304342985153198,0.13492307450990956,0.13855289083031241,0.003629816320402851,0.06036713877159376,0.009562674704641116,0.011844469051770279
10000,30,4,CTATCGCA,0.007327419986629393,0.007335412763505134,0.007893932983279228,0.0,0.0,0.0,0.0005585202197740946,8.323397881253303e-06,4.029450538421686e-05
10000,30,4,CTATCGCA,0.007327419986629393,0.007335412763505134,0.006207654718309641,0.0,0.0,0.0,-0.0011277580451954927,8.323397881253303e-06,4.029450538421686e-05
10000,30,4,CTATCGCA,0.007327419986629393,0.007335412763505134,0.008722832426428795,0.0,0.0,0.0,0.0013874196629236613,8.323397881253303e-06,4.029450538421686e-05
10000,30,4,CTATCGCA,0.007327419986629393,0.007335412763505134,0.0074241808615624905,0.0,0.0,0.0,8.876809805735686e-05,8.323397881253303e-06,4.029450538421686e-05
10000,31,7,CTATCGCA,0.018021957805073728,0.018183438434709993,0.004603369161486626,0.0,0.0,0.0,-0.013580069273223368,0.00024981520621108685,0.0013801796136649613
10000,31,7,CTATCGCA,0.018021957805073728,0.018183438434709993,0.006814501713961363,0.0,0.0,0.0,-0.01136893672074863,0.00024981520621108685,0.0013801796136649613
10000,31,7,CTATCGCA,0.018021957805073728,0.018183438434709993,0.017818007618188858,0.0,0.0,0.0,-0.00036543081652113535,0.00024981520621108685,0.0013801796136649613
10000,31,7,CTATCGCA,0.018021957805073728,0.018183438434709993,0.019379019737243652,0.0,0.0,0.0,0.001195581302533659,0.00024981520621108685,0.0013801796136649613
15000,0,2,CTATCGCA,0.006272250674662527,0.0062963439704617485,0.013684220612049103,0.0,0.0,0.0,0.007387876641587354,2.7480954918002176e-05,7.56675465164447e-05
15000,0,2,CTATCGCA,0.006272250674662527,0.0062963439704617485,0.003358554095029831,0.0,0.0,0.0,-0.0029377898754319176,2.7480954918002176e-05,7.56675465164447e-05
15000,0,2,CTATCGCA,0.006272250674662527,0.0062963439704617485,0.014440491795539856,0.0,0.0,0.0,0.008144147825078107,2.7480954918002176e-05,7.56675465164447e-05
15000,0,2,CTATCGCA,0.006272250674662527,0.0062963439704617485,0.010746512562036514,0.0,0.0,0.0,0.004450168591574766,2.7480954918002176e-05,7.56675465164447e-05
15000,1,3,TTTAGGCC,0.20143254587767756,0.20416527214421087,0.27486565709114075,0.03399464344900119,0.045943361893137136,0.011948718444135947,0.07070038494692987,0.0018499593809220283,0.01004813818052197
15000,1,3,TTTGGGCC,-0.15935452114720414,-0.16010889558634123,-0.2633572518825531,-0.3267924235758805,-0.31833080583741497,0.008461617738465543,-0.10324835629621187,0.0032213164507068903,0.0009581931332955929
15000,1,3,TCTAGGCC,0.42624103910655453,0.3846659923022144,0.5890333652496338,0.25880313667787813,0.22644408205114064,-0.03235905462673749,0.2043673729474194,0.1344837536054575,0.009758613192436982
15000,1,3,TTTAGGCC,0.20143254587767756,0.20416527214421087,0.32894426584243774,0.03399464344900119,0.045943361893137136,0.011948718444135947,0.12477899369822687,0.0018499593809220283,0.01004813818052197
15000,2,5,TTTGCGCG,0.4020689086611128,0.40345863172445623,0.8430728316307068,0.0,0.0,0.0,0.43961419990625056,0.0017952109672376704,0.008743826283954537
15000,2,5,TTTGCGCG,0.4020689086611128,0.40345863172445623,0.6819449663162231,0.0,0.0,0.0,0.2784863345917669,0.0017952109672376704,0.008743826283954537
15000,2,5,TTTGCGCG,0.4020689086611128,0.40345863172445623,0.3658835291862488,0.0,0.0,0.0,-0.03757510253820745,0.0017952109672376704,0.008743826283954537
15000,2,5,TTTGCGCG,0.4020689086611128,0.40345863172445623,0.5347244739532471,0.0,0.0,0.0,0.13126584222879084,0.0017952109672376704,0.008743826283954537
15000,3,4,CTATCGCA,0.003908950314942625,0.003913788350473624,0.004282812587916851,0.0,0.0,0.0,0.0003690242374432273,8.542724425145143e-07,2.0206414566507902e-05
15000,3,4,CTATCGCA,0.003908950314942625,0.003913788350473624,0.005205750465393066,0.0,0.0,0.0,0.0012919621149194427,8.542724425145143e-07,2.0206414566507902e-05
15000,3,4,CTATCGCA,0.003908950314942625,0.003913788350473624,0.003409743309020996,0.0,0.0,0.0,-0.0005040450414526276,8.542724425145143e-07,2.0206414566507902e-05
15000,3,4,CTATCGCA,0.003908950314942625,0.003913788350473624,0.002789093181490898,0.0,0.0,0.0,-0.0011246951689827256,8.542724425145143e-07,2.0206414566507902e-05
15000,4,2,CTATCGCA,0.0006039693318191097,0.0006039333584340056,0.0008477660012431443,0.0,0.0,0.0,0.00024383264280913863,1.7610372626819526e-07,1.0415695606003084e-07
15000,4,2,CTATCGCA,0.0006039693318191097,0.0006039333584340056,0.0006763330311514437,0.0,0.0,0.0,7.239967271743808e-05,1.7610372626819526e-07,1.0415695606003084e-07
15000,4,2,CTATCGCA,0.0006039693318191097,0.0006039333584340056,0.00043253012700006366,0.0,0.0,0.0,-0.00017140323143394198,1.7610372626819526e-07,1.0415695606003084e-07
15000,4,2,CTATCGCA,0.0006039693318191097,0.0006039333584340056,0.0006763329729437828,0.0,0.0,0.0,7.239961450977717e-05,1.7610372626819526e-07,1.0415695606003084e-07
15000,5,3,CTATCGCC,0.003774345636394579,0.0034922432025975927,0.008146148175001144,0.0,0.0,0.0,0.004653904972403552,0.0011229505015997177,0.0002766432002087593
15000,5,3,CTATCGCC,0.003774345636394579,0.0034922432025975927,0.008664049208164215,0.0,0.0,0.0,0.005171806005566623,0.0011229505015997177,0.0002766432002087593
15000,5,3,CTATCGCC,0.003774345636394579,0.0034922432025975927,0.011236116290092468,0.0,0.0,0.0,0.007743873087494876,0.0011229505015997177,0.0002766432002087593
15000,5,3,CTATCGCC,0.003774345636394579,0.0034922432025975927,0.004975017160177231,0.0,0.0,0.0,0.0014827739575796381,0.0011229505015997177,0.0002766432002087593
15000,6,5,CGATCGCG,0.6300624210740545,0.6505105944326248,0.624683141708374,0.3514352862956678,0.46458983716868896,0.11315455087302118,-0.0258274527242508,0.012709506006025051,0.11495037279887654
15000,6,5,CGATCGCA,0.3136734845396779,0.3065579807977432,0.02873396873474121,0.03504634976129117,0.12063722353380732,0.08559087377251615,-0.277824012063002,0.10262199032652619,0.06704447161685279
15000,6,5,CGATCGCG,0.6300624210740545,0.6505105944326248,0.861821174621582,0.3514352862956678,0.46458983716868896,0.11315455087302118,0.2113105801889572,0.012709506006025051,0.11495037279887654
15000,6,5,CGGTCGCG,-0.4592897875742401,-0.8638961406072493,-0.748997688293457,-0.7379169223526268,-1.0498168978711853,-0.3118999755185584,0.11489845231379225,2.0231698771907376,0.00013811202569163905
15000,7,3,CGATATAT,0.16754439858917913,0.17243015004388926,0.21042537689208984,0.0,0.0,0.0,0.037995226848200586,0.0016290343056052925,0.016286288669735693
15000,7,3,CGATATAT,0.16754439858917913,0.17243015004388926,0.21136091649532318,0.0,0.0,0.0,0.038930766451433924,0.0016290343056052925,0.016286288669735693
15000,7,3,CGATATAT,0.16754439858917913,0.17243015004388926,0.036710768938064575,0.0,0.0,0.0,-0.13571938110582468,0.0016290343056052925,0.016286288669735693
15000,7,3,CGATATAT,0.16754439858917913,0.17243015004388926,0.16649962961673737,0.0,0.0,0.0,-0.005930520427151892,0.0016290343056052925,0.016286288669735693
15000,8,5,CTATCGCA,0.0153619979362358,0.01543485971872265,0.01397756114602089,0.019764193138774814,0.019681174880577943,-8.301825819687081e-05,-0.0014572985727017602,0.0007867095064367502,0.001151018418870997
15000,8,5,CTATCGCA,0.0153619979362358,0.01543485971872265,0.02434758096933365,0.019764193138774814,0.019681174880577943,-8.301825819687081e-05,0.008912721250611,0.0007867095064367502,0.001151018418870997
15000,8,5,CTATCGCG,-0.06369477461886346,-0.06328983980358913,-0.08857685327529907,-0.059292579416324445,-0.05904352464173383,0.0002490547745906124,-0.025287013471709946,0.10192607709302193,0.10395075116939356
15000,8,5,CTATCGCA,0.0153619979362358,0.01543485971872265,0.017527155578136444,0.019764193138774814,0.019681174880577943,-8.301825819687081e-05,0.0020922958594137946,0.0007867095064367502,0.001151018418870997
15000,9,3,CTATCGCC,0.06287717604992572,0.04411896783949487,0.01593475043773651,0.0,0.0,0.0,-0.02818421740175836,0.057625282464705274,0.001350657833412705
15000,9,3,CTATCGCC,0.06287717604992572,0.04411896783949487,0.016269005835056305,0.0,0.0,0.0,-0.027849962004438567,0.057625282464705274,0.001350657833412705
15000,9,3,CTATCGCC,0.06287717604992572,0.04411896783949487,-0.00013888627290725708,0.0,0.0,0.0,-0.04425785411240213,0.057625282464705274,0.001350657833412705
15000,9,3,CTATCGCC,0.06287717604992572,0.04411896783949487,0.029722411185503006,0.0,0.0,0.0,-0.014396556653991865,0.057625282464705274,0.001350657833412705
15000,10,5,CTATCGCA,0.0378826789821133,0.037816924721578896,0.05578450486063957,0.0,0.0,0.0,0.017967580139060677,0.0009542071288006215,0.000625435826128562
15000,10,5,CTATCGCA,0.0378826789821133,0.037816924721578896,0.0027366913855075836,0.0,0.0,0.0,-0.03508023333607131,0.0009542071288006215,0.000625435826128562
15000,10,5,CTATCGCA,0.0378826789821133,0.037816924721578896,0.0042913686484098434,0.0,0.0,0.0,-0.03352555607316905,0.0009542071288006215,0.000625435826128562
15000,10,5,CTATCGCA,0.0378826789821133,0.037816924721578896,0.0600152425467968,0.0,0.0,0.0,0.022198317825217903,0.0009542071288006215,0.000625435826128562
15000,11,4,CTATCGCA,0.0028292389569717774,0.002830376829706438,0.0009303252445533872,0.0,0.0,0.0,-0.0019000515851530508,7.0825492586718e-07,5.259745864509557e-06
15000,11,4,CTATCGCA,0.0028292389569717774,0.002830376829706438,0.0023903269320726395,0.0,0.0,0.0,-0.00044004989763379854,7.0825492586718e-07,5.259745864509557e-06
15000,11,4,CTATCGCA,0.0028292389569717774,0.002830376829706438,0.002163558965548873,0.0,0.0,0.0,-0.0006668178641575651,7.0825492586718e-07,5.259745864509557e-06
15000,11,4,CTATCGCA,0.0028292389569717774,0.002830376829706438,0.003698481246829033,0.0,0.0,0.0,0.0008681044171225949,7.0825492586718e-07,5.259745864509557e-06
15000,12,3,CTATCGCA,0.004483450176745572,0.00449989855244189,0.0024261316284537315,0.02262973485921176,0.021228455299428316,-0.0014012795597834436,-0.002073766923988159,3.2131044677696785e-05,8.147617176665345e-05
15000,12,3,CTATCGCG,-0.08603548926010147,-0.08041392264527136,-0.13249659538269043,-0.06788920457763528,-0.06368536589828494,0.004203838679350341,-0.05208267273741907,0.021530846926067326,0.038395546770557676
15000,12,3,CTATCGCA,0.004483450176745572,0.00449989855244189,0.007522013038396835,0.02262973485921176,0.021228455299428316,-0.0014012795597834436,0.003022114485954945,3.2131044677696785e-05,8.147617176665345e-05
15000,12,3,CTATCGCA,0.004483450176745572,0.00449989855244189,0.005914488807320595,0.02262973485921176,0.021228455299428316,-0.0014012795597834436,0.0014145902548787044,3.2131044677696785e-05,8.147617176665345e-05
15000,13,4,CTATCGCA,0.02812320300813928,0.028241770173129566,0.019945964217185974,0.0,0.0,0.0,-0.008295805955943591,0.0004073659420204545,0.0008816346019815957
15000,13,4,CTATCGCA,0.02812320300813928,0.028241770173129566,0.03904338926076889,0.0,0.0,0.0,0.010801619087639325,0.0004073659420204545,0.0008816346019815957
15000,13,4,CTATCGCA,0.02812320300813928,0.028241770173129566,0.04220854490995407,0.0,0.0,0.0,0.013966774736824505,0.0004073659420204545,0.0008816346019815957
15000,13,4,CTATCGCA,0.02812320300813928,0.028241770173129566,0.007148934528231621,0.0,0.0,0.0,-0.021092835644897945,0.0004073659420204545,0.0008816346019815957
15000,14,6,CTATCGCG,-0.02481024703160223,-0.025063044269367712,-0.023655414581298828,-0.06395978566859264,-0.06465563397681191,-0.0006958483082192685,0.0014076296880688836,0.014805769450758843,0.01328898602416595
15000,14,6,CTATCGCG,-0.02481024703160223,-0.025063044269367712,-0.012891583144664764,-0.06395978566859264,-0.06465563397681191,-0.0006958483082192685,0.012171461124702947,0.014805769450758843,0.01328898602416595
15000,14,6,CGATCGCG,0.10310932430558307,0.10424822368425612,0.1113477498292923,0.06395978566859264,0.06465563397681193,0.0006958483082192823,0.007099526145036172,0.009607291275513963,0.016440687547552235
15000,14,6,CGATCGCG,0.10310932430558307,0.10424822368425612,0.09015484899282455,0.06395978566859264,0.06465563397681193,0.0006958483082192823,-0.01409337469143157,0.009607291275513963,0.016440687547552235
15000,15,4,TTTGGGCG,-0.42283038364550973,-0.4255262174603255,-0.367740273475647,-0.3489730400190514,-0.3347854111149502,0.01418762890410119,0.05778594398467851,0.010955339070866321,0.0001720038116033995
15000,15,4,TTTGGGCG,-0.42283038364550973,-0.4255262174603255,-0.22752337157726288,-0.3489730400190514,-0.3347854111149502,0.01418762890410119,0.1980028458830626,0.010955339070866321,0.0001720038116033995
15000,15,4,TTTGCGGG,0.031826052122669424,-0.033173027955342604,0.43620574474334717,0.1056833957491278,0.057567778390032714,-0.048115617359095086,0.4693787726986898,0.3122204877271546,0.05222416741510649
15000,15,4,TTTGCGCG,0.5184053406625165,0.5212622374944923,0.3789497911930084,0.5922626842889749,0.6120030438398676,0.019740359550892705,-0.14231244630148387,0.00039686062976773684,0.011824447957670792
15000,16,3,CGATCGCG,0.006460518150249959,0.006463288170279006,0.007689814083278179,0.0,0.0,0.0,0.0012265259129991728,3.005302313119351e-07,8.610590318453015e-06
15000,16,3,CGATCGCG,0.006460518150249959,0.006463288170279006,0.006580732762813568,0.0,0.0,0.0,0.00011744459253456175,3.005302313119351e-07,8.610590318453015e-06
15000,16,3,CGATCGCG,0.006460518150249959,0.006463288170279006,0.00589476153254509,0.0,0.0,0.0,-0.0005685266377339166,3.005302313119351e-07,8.610590318453015e-06
15000,16,3,CGATCGCG,0.006460518150249959,0.006463288170279006,0.004267258103936911,0.0,0.0,0.0,-0.0021960300663420957,3.005302313119351e-07,8.610590318453015e-06
15000,17,1,CTATCGCA,0.007189169991761446,0.007189169991761446,0.007189170923084021,0.0,0.0,0.0,9.313225746154785e-10,0.0,0.0
15000,17,1,CTATCGCA,0.007189169991761446,0.007189169991761446,0.007189170923084021,0.0,0.0,0.0,9.313225746154785e-10,0.0,0.0
15000,17,1,CTATCGCA,0.007189169991761446,0.007189169991761446,0.007189170923084021,0.0,0.0,0.0,9.313225746154785e-10,0.0,0.0
15000,17,1,CTATCGCA,0.007189169991761446,0.007189169991761446,0.007189170923084021,0.0,0.0,0.0,9.313225746154785e-10,0.0,0.0
15000,18,4,TTTGGGCG,-0.15537541762052698,-0.1600566721050617,-0.14721569418907166,-0.32268998907498453,-0.3245177988108452,-0.0018278097358606638,0.012840977915990037,0.018922395750427756,0.0001973778122889569
15000,18,4,TGTGGGCG,0.27487790114611904,0.2726337263093985,0.07233662903308868,0.10756332969166149,0.10817259960361505,0.0006092699119535638,-0.20029709727630984,0.012924840111403713,0.003948140764521657
15000,18,4,TGTGGGCG,0.27487790114611904,0.2726337263093985,0.2011518031358719,0.10756332969166149,0.10817259960361505,0.0006092699119535638,-0.07148192317352664,0.012924840111403713,0.003948140764521657
15000,18,4,TGTGGGCG,0.27487790114611904,0.2726337263093985,0.43534889817237854,0.10756332969166149,0.10817259960361505,0.0006092699119535638,0.16271517186298,0.012924840111403713,0.003948140764521657
15000,19,6,CGATCGCG,0.5264402615176975,0.5477243766987376,0.35025233030319214,-0.009557467582081092,0.00173864045696015,0.011296108039041242,-0.1974720463955455,0.012577431282866536,0.1402821223691073
15000,19,6,CGATATAT,0.5646701318460221,0.540769814870897,0.6399960517883301,0.028672402746243497,-0.00521592137088045,-0.03388832411712395,0.09922623691743304,0.34666251188119634,0.20326061003044593
15000,19,6,CGATCGCG,0.5264402615176975,0.5477243766987376,0.5169051289558411,-0.009557467582081092,0.00173864045696015,0.011296108039041242,-0.03081924774289657,0.012577431282866536,0.1402821223691073
15000,19,6,CGATCGCG,0.5264402615176975,0.5477243766987376,1.3788081407546997,-0.009557467582081092,0.00173864045696015,0.011296108039041242,0.8310837640559621,0.012577431282866536,0.1402821223691073
15000,20,3,CTATCGCA,0.006201834562824138,0.006206187570771589,0.007659450173377991,0.0,0.0,0.0,0.0014532626026064017,4.93789632236008e-06,1.7996920164714547e-05
15000,20,3,CTATCGCA,0.006201834562824138,0.006206187570771589,0.009798392653465271,0.0,0.0,0.0,0.003592205082693682,4.93789632236008e-06,1.7996920164714547e-05
15000,20,3,CTATCGCA,0.006201834562824138,0.006206187570771589,0.00318937748670578,0.0,0.0,0.0,-0.003016810084065809,4.93789632236008e-06,1.7996920164714547e-05
15000,20,3,CTATCGCA,0.006201834562824138,0.006206187570771589,0.005531417205929756,0.0,0.0,0.0,-0.0006747703648418328,4.93789632236008e-06,1.7996920164714547e-05
15000,21,4,CTATCGCA,0.04858391820761046,0.048515560474913566,0.050714343786239624,0.018647407060067796,0.01966717957204092,0.0010197725119731257,0.002198783311326058,0.0010199168462730057,0.0007464859154854286
15000,21,4,CTATCGCA,0.04858391820761046,0.048515560474913566,0.056469548493623734,0.018647407060067796,0.01966717957204092,0.0010197725119731257,0.007953988018710167,0.0010199168462730057,0.0007464859154854286
15000,21,4,CTATCGCG,-0.026005710032660723,-0.03015315781325012,-0.05538737773895264,-0.05594222118020339,-0.059001538716122764,-0.0030593175359193772,-0.025234219925702517,0.15154721908576496,0.13495742796340737
15000,21,4,CTATCGCA,0.04858391820761046,0.048515560474913566,0.048260461539030075,0.018647407060067796,0.01966717957204092,0.0010197725119731257,-0.000255098935883491,0.0010199168462730057,0.0007464859154854286
15000,22,4,CTATCGCA,0.0019225259690155132,0.001923173963272462,0.0028249958995729685,0.0,0.0,0.0,0.0009018219363005064,1.178314613277387e-06,3.770291641072565e-06
15000,22,4,CTATCGCA,0.0019225259690155132,0.001923173963272462,0.0006490818341262639,0.0,0.0,0.0,-0.0012740921291461982,1.178314613277387e-06,3.770291641072565e-06
15000,22,4,CTATCGCA,0.0019225259690155132,0.001923173963272462,0.0005190700758248568,0.0,0.0,0.0,-0.0014041038874476053,1.178314613277387e-06,3.770291641072565e-06
15000,22,4,CTATCGCA,0.0019225259690155132,0.001923173963272462,0.0015772382030263543,0.0,0.0,0.0,-0.0003459357602461077,1.178314613277387e-06,3.770291641072565e-06
15000,23,4,CGGTCGCG,-0.6653725014047295,-1.2418782015386183,-1.8570728302001953,-0.6458753417769232,-1.071046659920889,-0.4251713181439658,-0.615194628661577,2.31139067257815,0.005367872042594701
15000,23,4,CTATCGCA,0.19529198674270992,0.19440397099540496,0.3358568549156189,0.21478914637051624,0.36523551261313425,0.150446366242618,0.14145288392021393,0.01467571806759721,0.011123655078377315
15000,23,4,CTATCGCA,0.19529198674270992,0.19440397099540496,0.3061150908470154,0.21478914637051624,0.36523551261313425,0.150446366242618,0.11171111985161042,0.01467571806759721,0.011123655078377315
15000,23,4,CTATCGCG,0.19679988940808435,0.16974409307689098,0.021378159523010254,0.21629704903589067,0.34057563469462027,0.1242785856587296,-0.14836593355388072,0.20018696069698283,0.09196377537220934
15000,24,7,CTATCGCA,0.1907908731647244,0.1672503090964079,0.003435978665947914,-0.003534875825264905,0.04341207954288315,0.04694695536814805,-0.16381433043045998,0.17203469919669107,0.007250750718475363
15000,24,7,CTATCGCG,0.14408231172933275,0.11638532694278528,0.39730846881866455,-0.050243437260656554,-0.00745290261073947,0.042790534649917084,0.2809231418758793,0.4202499837149487,0.2263710902091165
15000,24,7,TTTGCGCG,0.2516389379011756,0.04446697307849793,0.30569976568222046,0.05731318891118628,-0.07937125647502682,-0.1366844453862131,0.2612327926037225,1.5387397974004706,0.08853604364172707
15000,24,7,CTATCGCA,0.1907908731647244,0.1672503090964079,0.03470992669463158,-0.003534875825264905,0.04341207954288315,0.04694695536814805,-0.13254038240177632,0.17203469919669107,0.007250750718475363
15000,25,4,CTATCGCA,0.024399188799303015,0.024658964424294383,0.01325828954577446,0.0,0.0,0.0,-0.011400674878519923,0.0008449465875245976,0.0018840490874900695
15000,25,4,CTATCGCA,0.024399188799303015,0.024658964424294383,0.028395354747772217,0.0,0.0,0.0,0.003736390323477834,0.0008449465875245976,0.0018840490874900695
15000,25,4,CTATCGCA,0.024399188799303015,0.024658964424294383,0.023842893540859222,0.0,0.0,0.0,-0.0008160708834351604,0.0008449465875245976,0.0018840490874900695
15000,25,4,CTATCGCA,0.024399188799303015,0.024658964424294383,0.03098161518573761,0.0,0.0,0.0,0.006322650761443227,0.0008449465875245976,0.0018840490874900695
15000,26,2,CTATCGCA,0.05666236863057572,0.05677190900314599,0.05950818210840225,0.0,0.0,0.0,0.0027362731052562594,0.0002982894788191581,0.0005173702239597011
15000,26,2,CTATCGCA,0.05666236863057572,0.05677190900314599,0.059508174657821655,0.0,0.0,0.0,0.0027362656546756625,0.0002982894788191581,0.0005173702239597011
15000,26,2,CTATCGCA,0.05666236863057572,0.05677190900314599,0.009925495833158493,0.0,0.0,0.0,-0.0468464131699875,0.0002982894788191581,0.0005173702239597011
15000,26,2,CTATCGCA,0.05666236863057572,0.05677190900314599,0.0774587094783783,0.0,0.0,0.0,0.020686800475232303,0.0002982894788191581,0.0005173702239597011
15000,27,4,CGATCGCG,0.12491771261616494,0.12422003953345973,0.1801094114780426,0.0704993181638486,0.07074846422365982,0.0002491460598112172,0.05588937194458288,0.007454800511228377,0.004664108180407522
15000,27,4,CTATCGCG,-0.016080923711532275,-0.017276888913859922,-0.009753316640853882,-0.0704993181638486,-0.07074846422365982,-0.0002491460598112172,0.007523572273006041,0.012760743536002539,0.007976882726691947
15000,27,4,CTATCGCG,-0.016080923711532275,-0.017276888913859922,-0.011397652328014374,-0.0704993181638486,-0.07074846422365982,-0.0002491460598112172,0.005879236585845549,0.012760743536002539,0.007976882726691947
15000,27,4,CGATCGCG,0.12491771261616494,0.12422003953345973,0.08823133260011673,0.0704993181638486,0.07074846422365982,0.0002491460598112172,-0.035988706933342995,0.007454800511228377,0.004664108180407522
15000,28,2,CTATCGCA,0.008998946543836595,0.009002173821500037,0.011141091585159302,0.0,0.0,0.0,0.002138917763659265,2.9289000624821426e-06,9.383455389366802e-06
15000,28,2,CTATCGCA,0.008998946543836595,0.009002173821500037,0.0111410953104496,0.0,0.0,0.0,0.0021389214889495634,2.9289000624821426e-06,9.383455389366802e-06
15000,28,2,CTATCGCA,0.008998946543836595,0.009002173821500037,0.013472221791744232,0.0,0.0,0.0,0.004470047970244195,2.9289000624821426e-06,9.383455389366802e-06
15000,28,2,CTATCGCA,0.008998946543836595,0.009002173821500037,0.0066710226237773895,0.0,0.0,0.0,-0.0023311511977226473,2.9289000624821426e-06,9.383455389366802e-06
15000,29,5,TTTAGGCC,0.06106421488849443,0.05695256850450274,-0.01405632495880127,-0.050997113784635124,-0.04915737409661343,0.0018397396880216951,-0.07100889346330401,0.02314469689337617,0.002586464973417746
15000,29,5,TTTAGGCC,0.06106421488849443,0.05695256850450274,0.11480861902236938,-0.050997113784635124,-0.04915737409661343,0.0018397396880216951,0.057856050517866645,0.02314469689337617,0.002586464973417746
15000,29,5,TTTGCGCC,-0.2960585734522061,-0.30894165622305697,-0.3086583614349365,-0.40811990212533567,-0.41505159882417314,-0.006931696698837475,0.0002832947881204473,0.17655510353389126,0.11213968967963694
15000,29,5,TTTGCGCG,0.6221754583677355,0.6194762896185162,0.7108179330825806,0.5101141296946059,0.5133663470174,0.0032522173227941265,0.09134164346406437,0.07184840020018757,0.058352556454091875
15000,30,3,CGATCGCG,0.1395093787769793,0.13949966852022863,0.08186861872673035,0.11255896740644847,0.11256607928862661,7.111882178140183e-06,-0.057631049793498285,0.0006381357224882755,0.0006090049522362584
15000,30,3,CTATCGCG,-0.010569244431618663,-0.01058843719794019,-0.013385385274887085,-0.03751965580214949,-0.03752202642954221,-2.3706273927157073e-06,-0.0027969480769468955,0.0009629202856293873,0.0009053419866648094
15000,30,3,CTATCGCG,-0.010569244431618663,-0.01058843719794019,-0.013831213116645813,-0.03751965580214949,-0.03752202642954221,-2.3706273927157073e-06,-0.0032427759187056236,0.0009629202856293873,0.0009053419866648094
15000,30,3,CTATCGCG,-0.010569244431618663,-0.01058843719794019,-0.006616778671741486,-0.03751965580214949,-0.03752202642954221,-2.3706273927157073e-06,0.003971658526198704,0.0009629202856293873,0.0009053419866648094
15000,31,5,CTATCGCA,0.15456779931992143,0.15466334164913426,0.03207048773765564,-0.055603224132294626,-0.06272561072809174,-0.007122386595797114,-0.12259285391147862,0.016702103205935015,0.017179814851999264
15000,31,5,CTATCGCA,0.15456779931992143,0.15466334164913426,0.10922500491142273,-0.055603224132294626,-0.06272561072809174,-0.007122386595797114,-0.04543833673771153,0.016702103205935015,0.017179814851999264
15000,31,5,CGATCGCG,0.3769806958490998,0.4055657845615011,-0.04775130748748779,0.16680967239688377,0.1881768321842751,0.021367159787391343,-0.4533170920489889,0.09019238445141453,0.23311782801342096
15000,31,5,CTATCGCA,0.15456779931992143,0.15466334164913426,0.1619422435760498,-0.055603224132294626,-0.06272561072809174,-0.007122386595797114,0.007278901926915549,0.016702103205935015,0.017179814851999264
20000,0,2,TTTAGGCC,0.002710157328547902,0.0027101572502488125,0.0027100977022200823,0.0,0.0,0.0,-5.954802873020526e-08,1.6845580486091194e-10,1.1857625992206522e-11
20000,0,2,TTTAGGCC,0.002710157328547902,0.0027101572502488125,0.0021512729581445456,0.0,0.0,0.0,-0.0005588842921042669,1.6845580486091194e-10,1.1857625992206522e-11
20000,0,2,TTTAGGCC,0.002710157328547902,0.0027101572502488125,0.0021512729581445456,0.0,0.0,0.0,-0.0005588842921042669,1.6845580486091194e-10,1.1857625992206522e-11
20000,0,2,TTTAGGCC,0.002710157328547902,0.0027101572502488125,0.0027100977022200823,0.0,0.0,0.0,-5.954802873020526e-08,1.6845580486091194e-10,1.1857625992206522e-11
20000,1,2,CTATCGCA,0.0034612962696710103,0.0034597392572095487,0.0021601251792162657,0.0,0.0,0.0,-0.001299614077993283,3.6314528409908675e-06,5.174279180675256e-07
20000,1,2,CTATCGCA,0.0034612962696710103,0.0034597392572095487,0.004382839426398277,0.0,0.0,0.0,0.0009231001691887286,3.6314528409908675e-06,5.174279180675256e-07
20000,1,2,CTATCGCA,0.0034612962696710103,0.0034597392572095487,0.00383625365793705,0.0,0.0,0.0,0.0003765144007275012,3.6314528409908675e-06,5.174279180675256e-07
20000,1,2,CTATCGCA,0.0034612962696710103,0.0034597392572095487,0.0034597390331327915,0.0,0.0,0.0,-2.240767571493052e-10,3.6314528409908675e-06,5.174279180675256e-07
20000,2,3,CTATCGCA,0.002851532149271733,0.002851912164503497,0.003322051838040352,0.0,0.0,0.0,0.0004701396735368548,3.198409154192561e-08,1.172029786833395e-06
20000,2,3,CTATCGCA,0.002851532149271733,0.002851912164503497,0.0011248192749917507,0.0,0.0,0.0,-0.0017270928895117463,3.198409154192561e-08,1.172029786833395e-06
20000,2,3,CTATCGCA,0.002851532149271733,0.002851912164503497,0.002261735964566469,0.0,0.0,0.0,-0.0005901761999370279,3.198409154192561e-08,1.172029786833395e-06
20000,2,3,CTATCGCA,0.002851532149271733,0.002851912164503497,0.0011625211918726563,0.0,0.0,0.0,-0.0016893909726308407,3.198409154192561e-08,1.172029786833395e-06
20000,3,4,TTTGCGCG,0.8043326134722717,0.7866475784403519,0.5353121757507324,0.4669301658145897,0.4901913562429552,0.023261190428365497,-0.2513354026896195,0.1207926360581435,0.05005249593046468
20000,3,4,TTTACGCC,-0.05384907988656018,-0.1492699317459485,0.2112855315208435,-0.3912515275442422,-0.44572615394334525,-0.054474626399103054,0.360555463266792,0.42297703471242043,0.041293627274867184
20000,3,4,TTTGGGCC,-0.20520635642725518,-0.23820033634516835,-0.07404984533786774,-0.5426088040849372,-0.5346565585425651,0.00795224554237206,0.16415049100730061,0.13870174489783427,0.006725825226181592
20000,3,4,TTTGCGCG,0.8043326134722717,0.7866475784403519,0.6814433336257935,0.4669301658145897,0.4901913562429552,0.023261190428365497,-0.10520424481455848,0.1207926360581435,0.05005249593046468
20000,4,5,CTATCGCG,0.1550719214695812,0.13506245973355072,0.055902838706970215,-0.05200944202418095,-0.07394292142744766,-0.021933479403266704,-0.0791596210265805,0.20139022957733088,0.10134292089717833
20000,4,5,CGATCGCG,0.36636902188516707,0.3941874067225733,0.15765172243118286,0.1592876583914049,0.18518202556157493,0.02589436717017002,-0.23653568429139044,0.09402590382638976,0.23311782801342096
20000,4,5,CTATCGCA,0.15344225531015027,0.15338582909393478,0.11598410457372665,-0.053639108183611894,-0.05561955206706359,-0.001980443883451699,-0.037401724520208124,0.017461945933076817,0.017179814851999264
20000,4,5,CTATCGCA,0.15344225531015027,0.15338582909393478,0.13751928508281708,-0.053639108183611894,-0.05561955206706359,-0.001980443883451699,-0.0158665440111177,0.017461945933076817,0.017179814851999264
20000,5,4,TTTAGGCC,0.09596667364699839,0.09734615717140593,0.17060941457748413,0.0,0.0,0.0,0.0732632574060782,0.008270167245868987,0.01378810134349917
20000,5,4,TTTAGGCC,0.09596667364699839,0.09734615717140593,0.06440487504005432,0.0,0.0,0.0,-0.03294128213135161,0.008270167245868987,0.01378810134349917
20000,5,4,TTTAGGCC,0.09596667364699839,0.09734615717140593,0.0955267995595932,0.0,0.0,0.0,-0.001819357611812733,0.008270167245868987,0.01378810134349917
20000,5,4,TTTAGGCC,0.09596667364699839,0.09734615717140593,0.06842055916786194,0.0,0.0,0.0,-0.028925598003543995,0.008270167245868987,0.01378810134349917
20000,6,5,CTATCGCA,0.0068856146160777175,0.00688963820370656,0.005546909291297197,0.0,0.0,0.0,-0.001342728912409363,7.250560082449481e-06,2.7368498226661153e-05
20000,6,5,CTATCGCA,0.0068856146160777175,0.00688963820370656,0.006055030040442944,0.0,0.0,0.0,-0.0008346081632636167,7.250560082449481e-06,2.7368498226661153e-05
20000,6,5,CTATCGCA,0.0068856146160777175,0.00688963820370656,0.0068160155788064,0.0,0.0,0.0,-7.362262490016001e-05,7.250560082449481e-06,2.7368498226661153e-05
20000,6,5,CTATCGCA,0.0068856146160777175,0.00688963820370656,0.008967816829681396,0.0,0.0,0.0,0.002078178625974836,7.250560082449481e-06,2.7368498226661153e-05
20000,7,4,CTATCGCA,0.0491780547185998,0.049157083197513884,0.06820317357778549,0.02153134710557405,0.021238661142293835,-0.0002926859632802134,0.019046090380271608,0.0010295369306384805,0.0009456508462948321
20000,7,4,CTATCGCA,0.0491780547185998,0.049157083197513884,0.0945729911327362,0.02153134710557405,0.021238661142293835,-0.0002926859632802134,0.04541590793522232,0.0010295369306384805,0.0009456508462948321
20000,7,4,CTATCGCA,0.0491780547185998,0.049157083197513884,0.03507144749164581,0.02153134710557405,0.021238661142293835,-0.0002926859632802134,-0.014085635705868071,0.0010295369306384805,0.0009456508462948321
20000,7,4,CTATCGCG,-0.036947333703696406,-0.03579756137166146,-0.13729023933410645,-0.06459404131672215,-0.0637159834268815,0.0008780578898406471,-0.10149267796244499,0.1397361971416351,0.1443352864697749
20000,8,4,CTATCGCA,0.031594694008386215,0.03170911002644061,0.03181084990501404,0.022906339230702788,0.026560360800090166,0.003654021569387378,0.00010173987857342581,0.00022704088294228653,0.0006847049551598761
20000,8,4,CTATCGCA,0.031594694008386215,0.03170911002644061,0.005562196020036936,0.022906339230702788,0.026560360800090166,0.003654021569387378,-0.026146914006403676,0.00022704088294228653,0.0006847049551598761
20000,8,4,CGATCGCA,-0.06003066291442494,-0.07453233317392005,0.04507189989089966,-0.06871901769210836,-0.0796810824002705,-0.010962064708162134,0.11960423306481971,0.2666175214229467,0.20861084038496625
20000,8,4,CTATCGCA,0.031594694008386215,0.03170911002644061,0.050779640674591064,0.022906339230702788,0.026560360800090166,0.003654021569387378,0.019070530648150452,0.00022704088294228653,0.0006847049551598761
20000,9,8,CTATCGCC,0.26371274197198047,0.0795260739058774,0.03225088119506836,0.16752149846827563,0.16209453040403576,-0.005426968064239868,-0.047275192710809044,2.348215672033641,0.8747223275048164
20000,9,8,CTATCGCA,0.18552764561356322,0.17301683279092317,0.3943699300289154,0.08933640210985838,0.25558528928908153,0.16624888717922315,0.22135309723799224,0.11286839886547051,0.012781896284350225
20000,9,8,CGGTCGCG,-0.25000305918428756,-0.7558335654803572,-0.5635896921157837,-0.3461943026879924,-0.6732651089821988,-0.32707080629420643,0.1922438733645735,4.05937583030196,0.01273177993340302
20000,9,8,CTATCGCA,0.18552764561356322,0.17301683279092317,0.10826721042394638,0.08933640210985838,0.25558528928908153,0.16624888717922315,-0.06474962236697679,0.11286839886547051,0.012781896284350225
20000,10,4,CTATCGCA,0.20573666131553303,0.20494486347422003,0.14235559105873108,0.0035001518247019248,0.011230368622732328,0.007730216798030404,-0.06258927241548895,0.019763777238809788,0.016596585873557723
20000,10,4,CTATCGCA,0.20573666131553303,0.20494486347422003,0.1891990303993225,0.0035001518247019248,0.011230368622732328,0.007730216798030404,-0.01574583307489752,0.019763777238809788,0.016596585873557723
20000,10,4,CTATCGCA,0.20573666131553303,0.20494486347422003,0.4459834396839142,0.0035001518247019248,0.011230368622732328,0.007730216798030404,0.24103857620969416,0.019763777238809788,0.016596585873557723
20000,10,4,CTATCGCG,0.19173605401672533,0.16002338898329072,0.1897047758102417,-0.010500455474105774,-0.033691105868196985,-0.02319065039409121,0.029681386826950984,0.22936436212765576,0.1025137019939173
20000,11,1,CTATCGCA,0.005512382837423502,0.005512382837423502,0.005512382369488478,0.0,0.0,0.0,-4.679350240621716e-10,0.0,0.0
20000,11,1,CTATCGCA,0.005512382837423502,0.005512382837423502,0.005512382369488478,0.0,0.0,0.0,-4.679350240621716e-10,0.0,0.0
20000,11,1,CTATCGCA,0.005512382837423502,0.005512382837423502,0.005512382369488478,0.0,0.0,0.0,-4.679350240621716e-10,0.0,0.0
20000,11,1,CTATCGCA,0.005512382837423502,0.005512382837423502,0.005512382369488478,0.0,0.0,0.0,-4.679350240621716e-10,0.0,0.0
20000,12,3,CTATCGCA,0.03894046330076802,0.038994257447484415,0.004848202224820852,-0.0019002205418728185,-0.0005849615038944558,0.0013152590379783627,-0.03414605522266356,8.530062094214141e-05,0.000246683061091324
20000,12,3,CGATCGCG,0.046541345468259276,0.041334103463062245,0.12013441324234009,0.005700661625618435,0.0017548845116833744,-0.00394577711393506,0.07880030977927785,0.01589303938806319,0.00027131337247210396
20000,12,3,CTATCGCA,0.03894046330076802,0.038994257447484415,0.040603235363960266,-0.0019002205418728185,-0.0005849615038944558,0.0013152590379783627,0.001608977916475851,8.530062094214141e-05,0.000246683061091324
20000,12,3,CTATCGCA,0.03894046330076802,0.038994257447484415,0.050666868686676025,-0.0019002205418728185,-0.0005849615038944558,0.0013152590379783627,0.01167261123919161,8.530062094214141e-05,0.000246683061091324
20000,13,4,CGATCGCG,0.6460845706273703,0.6923651180877356,0.5038303136825562,0.07126587541439877,0.08654978548511127,0.015283910070712503,-0.18853480440517945,0.034447291505644184,0.2195694813471052
20000,13,4,CTATCGCG,0.3610210689697752,0.34616597614729017,0.42665836215019226,-0.21379762624319637,-0.25964935645533416,-0.04585173021213779,0.0804923860029021,0.0752611392694289,0.015840767979488746
20000,13,4,CGATCGCG,0.6460845706273703,0.6923651180877356,0.29186105728149414,0.07126587541439877,0.08654978548511127,0.015283910070712503,-0.40050406080624146,0.034447291505644184,0.2195694813471052
20000,13,4,CGATCGCG,0.6460845706273703,0.6923651180877356,0.6642293930053711,0.07126587541439877,0.08654978548511127,0.015283910070712503,-0.028135725082364504,0.034447291505644184,0.2195694813471052
20000,14,2,CGATCGCA,-0.2174719564790516,-0.2195401300505182,-0.21954011917114258,-0.20159828864903429,-0.20327163142383142,-0.0016733427747971374,1.0879375622607768e-08,0.01259848670501329,0.008462139562080084
20000,14,2,CGATCGCG,0.0513257617196608,0.051488711847923696,0.05148877203464508,0.0671994295496781,0.06775721047461047,0.0005577809249323745,6.01867213845253e-08,0.00034181029919755357,0.0006677105557233443
20000,14,2,CGATCGCG,0.0513257617196608,0.051488711847923696,0.05148877203464508,0.0671994295496781,0.06775721047461047,0.0005577809249323745,6.01867213845253e-08,0.00034181029919755357,0.0006677105557233443
20000,14,2,CGATCGCG,0.0513257617196608,0.051488711847923696,0.06561259925365448,0.0671994295496781,0.06775721047461047,0.0005577809249323745,0.014123887405730784,0.00034181029919755357,0.0006677105557233443
20000,15,5,CTATCGCG,-0.03174920060913049,-0.0374016175214452,-0.01251479983329773,-0.052937309630685686,-0.05713636712538564,-0.004199057494699954,0.024886817688147468,0.1616536866039815,0.13339160204240796
20000,15,5,CTATCGCA,0.03883387889845043,0.03878020531240232,0.004067644476890564,0.01764576987689523,0.01904545570846188,0.00139968583156665,-0.034712560835511753,0.0008938037563691326,0.000625435826128562
20000,15,5,CTATCGCA,0.03883387889845043,0.03878020531240232,0.0050702812150120735,0.01764576987689523,0.01904545570846188,0.00139968583156665,-0.033709924097390244,0.0008938037563691326,0.000625435826128562
20000,15,5,CTATCGCA,0.03883387889845043,0.03878020531240232,0.004597560036927462,0.01764576987689523,0.01904545570846188,0.00139968583156665,-0.034182645275474856,0.0008938037563691326,0.000625435826128562
20000,16,2,CTATCGCA,0.0030194615776924505,0.0030205206930986606,0.004237791523337364,0.0,0.0,0.0,0.0012172708302387036,7.051067383301302e-07,2.82333755075026e-06
20000,16,2,CTATCGCA,0.0030194615776924505,0.0030205206930986606,0.001306808553636074,0.0,0.0,0.0,-0.0017137121394625865,7.051067383301302e-07,2.82333755075026e-06
20000,16,2,CTATCGCA,0.0030194615776924505,0.0030205206930986606,0.003020521253347397,0.0,0.0,0.0,5.602487362921238e-10,7.051067383301302e-07,2.82333755075026e-06
20000,16,2,CTATCGCA,0.0030194615776924505,0.0030205206930986606,0.0018032502848654985,0.0,0.0,0.0,-0.001217270408233162,7.051067383301302e-07,2.82333755075026e-06
20000,17,3,CTATCGCA,0.002925530166075783,0.002925978185250718,0.002879283856600523,0.0,0.0,0.0,-4.669432865019507e-05,3.928076336423558e-09,1.3479856011411329e-06
20000,17,3,CTATCGCA,0.002925530166075783,0.002925978185250718,0.00287243677303195,0.0,0.0,0.0,-5.3541412218768066e-05,3.928076336423558e-09,1.3479856011411329e-06
20000,17,3,CTATCGCA,0.002925530166075783,0.002925978185250718,0.003029023762792349,0.0,0.0,0.0,0.0001030455775416308,3.928076336423558e-09,1.3479856011411329e-06
20000,17,3,CTATCGCA,0.002925530166075783,0.002925978185250718,0.00233294814825058,0.0,0.0,0.0,-0.0005930300370001382,3.928076336423558e-09,1.3479856011411329e-06
20000,18,4,ATATCGCA,0.0014064371426718847,0.0013913241382776942,-0.011310067027807236,0.0,0.0,0.0,-0.01270139116608493,0.00012462817994493558,6.417616236817358e-05
20000,18,4,ATATCGCA,0.0014064371426718847,0.0013913241382776942,-0.0019997134804725647,0.0,0.0,0.0,-0.003391037618750259,0.00012462817994493558,6.417616236817358e-05
20000,18,4,ATATCGCA,0.0014064371426718847,0.0013913241382776942,0.009298630058765411,0.0,0.0,0.0,0.007907305920487717,0.00012462817994493558,6.417616236817358e-05
20000,18,4,ATATCGCA,0.0014064371426718847,0.0013913241382776942,0.006916528567671776,0.0,0.0,0.0,0.005525204429394082,0.00012462817994493558,6.417616236817358e-05
20000,19,2,CGATCGCG,0.0033255317854166133,0.003326409589362811,0.003326498670503497,0.0,0.0,0.0,8.908114068617579e-08,8.595976153102924e-10,1.7564674900105715e-06
20000,19,2,CGATCGCG,0.0033255317854166133,0.003326409589362811,0.003225713735446334,0.0,0.0,0.0,-0.00010069585391647706,8.595976153102924e-10,1.7564674900105715e-06
20000,19,2,CGATCGCG,0.0033255317854166133,0.003326409589362811,0.004271032754331827,0.0,0.0,0.0,0.0009446231649690162,8.595976153102924e-10,1.7564674900105715e-06
20000,19,2,CGATCGCG,0.0033255317854166133,0.003326409589362811,0.004170247819274664,0.0,0.0,0.0,0.000843838229911853,8.595976153102924e-10,1.7564674900105715e-06
20000,20,3,CTATCGCA,0.0034918543882251443,0.0034916248653947455,0.0041847131215035915,0.0,0.0,0.0,0.0006930882561088461,8.530878932710984e-07,1.645194020738483e-07
20000,20,3,CTATCGCA,0.0034918543882251443,0.0034916248653947455,0.002519728150218725,0.0,0.0,0.0,-0.0009718967151760203,8.530878932710984e-07,1.645194020738483e-07
20000,20,3,CTATCGCA,0.0034918543882251443,0.0034916248653947455,0.004031422082334757,0.0,0.0,0.0,0.0005397972169400114,8.530878932710984e-07,1.645194020738483e-07
20000,20,3,CTATCGCA,0.0034918543882251443,0.0034916248653947455,0.003720299107953906,0.0,0.0,0.0,0.00022867424255916058,8.530878932710984e-07,1.645194020738483e-07
20000,21,2,TTTACGCC,0.11223339755082584,0.11434169113636017,0.13536977767944336,-0.08676427897912889,-0.08552145585417753,0.0012428231249513588,0.02102808654308319,0.000502290520879356,0.004718877691948009
20000,21,2,TCTACGCC,0.7781141840433952,0.7776632755994799,0.7812618017196655,0.5791165075134405,0.5778001286089423,-0.0013163789044982055,0.00359852612018563,0.007703757023238111,0.00680194013540758
20000,21,2,TTTACGCC,0.11223339755082584,0.11434169113636017,0.11434167623519897,-0.08676427897912889,-0.08552145585417753,0.0012428231249513588,-1.4901161193847656e-08,0.000502290520879356,0.004718877691948009
20000,21,2,TTTGCGCC,-0.20659027302522792,-0.20689406991004944,-0.17437231540679932,-0.4055879495551826,-0.40675721690058714,-0.0011692673454045122,0.03252175450325012,0.0006548133762855901,4.7219606642556755e-05
20000,22,3,CGGTCGCG,-0.43661193965345974,-0.626623030182802,-0.18409837782382965,-1.2670075977414728,-1.3999585828298673,-0.13295098508839454,0.4425246523589723,0.570036632583206,3.3609951793911463e-06
20000,22,3,CGATCGCG,1.252731524001837,1.2399884135903545,1.2113537788391113,0.4223358659138241,0.46665286094328917,0.04431699502946507,-0.02863463475124317,0.05560753091351123,0.0173781996790634
20000,22,3,CGATCGCG,1.252731524001837,1.2399884135903545,1.8223717212677002,0.4223358659138241,0.46665286094328917,0.04431699502946507,0.5823833076773457,0.05560753091351123,0.0173781996790634
20000,22,3,CGATCGCG,1.252731524001837,1.2399884135903545,1.469812273979187,0.4223358659138241,0.46665286094328917,0.04431699502946507,0.2298238603888325,0.05560753091351123,0.0173781996790634
20000,23,6,CGATCGCA,0.25343762522815977,0.24361050321245634,0.34110039472579956,-0.06130797519764575,-0.06718364827309811,-0.0058756730754523645,0.09748989151334322,0.11852537992377066,0.05956264782955012
20000,23,6,CGATCGCA,0.25343762522815977,0.24361050321245634,-0.027161583304405212,-0.06130797519764575,-0.06718364827309811,-0.0058756730754523645,-0.2707720865168616,0.11852537992377066,0.05956264782955012
20000,23,6,CGATCGCA,0.25343762522815977,0.24361050321245634,0.1538318246603012,-0.06130797519764575,-0.06718364827309811,-0.0058756730754523645,-0.08977867855215513,0.11852537992377066,0.05956264782955012
20000,23,6,CGATCGCG,0.4986695260187428,0.5123450963048489,0.2159143090248108,0.1839239255929373,0.20155094481929448,0.017627019226357177,-0.29643078728003813,0.03415128899788544,0.11620471071452254
20000,24,4,CGGTCGCG,-0.3931831333612592,-0.7990061929896607,-0.298507958650589,-0.3971137993080824,-0.5923458318058767,-0.19523203249779436,0.5004982343390717,1.6237451376526315,0.00045289913902563095
20000,24,4,CTATCGCG,0.40104446525490556,0.3856854706220929,0.1396501064300537,0.3971137993080824,0.5923458318058767,0.19523203249779436,-0.2460353641920392,0.08952188089975399,0.02808590236850339
20000,24,4,CGGTCGCG,-0.3931831333612592,-0.7990061929896607,-1.2155702114105225,-0.3971137993080824,-0.5923458318058767,-0.19523203249779436,-0.41656401842086177,1.6237451376526315,0.00045289913902563095
20000,24,4,CTATCGCG,0.40104446525490556,0.3856854706220929,0.4085010290145874,0.3971137993080824,0.5923458318058767,0.19523203249779436,0.022815558392494495,0.08952188089975399,0.02808590236850339
20000,25,5,CTATCGCA,0.021662368056867443,0.021879488133967052,0.018340781331062317,0.01787044811101319,0.023111703271144847,0.005241255160131658,-0.003538706802904735,0.0005254992545228876,0.0016110996400209299
20000,25,5,CTATCGCA,0.021662368056867443,0.021879488133967052,0.044731296598911285,0.01787044811101319,0.023111703271144847,0.005241255160131658,0.022851808464944234,0.0005254992545228876,0.0016110996400209299
20000,25,5,CGATCGCA,-0.06306269077209255,-0.08278196571035465,0.06731295585632324,-0.0668546107179468,-0.08154975057317686,-0.014695139855230063,0.1500949215666779,0.2699364485364866,0.17134007384517602
20000,25,5,CGATCGCG,0.03490563444177468,0.03409412889370937,0.007319331169128418,0.031113714495920423,0.03532634403088716,0.00421262953496674,-0.026774797724580954,0.016291208810252922,0.012233681069926394
20000,26,6,TTTGGGCC,-0.0604329040828104,-0.06131545480252883,-0.0030542314052581787,-0.121565503830252,-0.12278998673303274,-0.001224482902780738,0.058261223397270655,0.008622665391929463,0.003327361073618862
20000,26,6,TTTAGGCC,0.10110130734909423,0.10215988691884374,0.0428692102432251,0.03996870760165263,0.04068535498833985,0.0007166473866872178,-0.059290676675618645,0.003288934519977471,0.009640411938474536
20000,26,6,TGTGGGCG,0.10276068837438834,0.10289380868685694,0.07111400365829468,0.041628088626946745,0.04141927675635304,-0.00020881187059370448,-0.03177980502856226,0.023167855325465947,0.023966577200277506
20000,26,6,TTTAGGCC,0.10110130734909423,0.10215988691884374,0.1395666003227234,0.03996870760165263,0.04068535498833985,0.0007166473866872178,0.037406713403879646,0.003288934519977471,0.009640411938474536
20000,27,4,CTATCGCA,0.19846138171892358,0.19768596790828508,0.1351412832736969,0.1834655505610832,0.33760118590251414,0.15413563534143093,-0.06254468463458818,0.02010514674290248,0.017003491500348522
20000,27,4,CTATCGCG,0.1880539290085932,0.15501589096220414,-0.11627852916717529,0.17305809785075282,0.2949311089564332,0.12187301110568038,-0.27129442012937943,0.23038677416597197,0.09823462198041577
20000,27,4,CTATCGCA,0.19846138171892358,0.19768596790828508,0.2621920704841614,0.1834655505610832,0.33760118590251414,0.15413563534143093,0.0645061025758763,0.02010514674290248,0.017003491500348522
20000,27,4,CGGTCGCG,-0.5249933678150789,-1.1100486987556906,-1.1877901554107666,-0.5399891989729193,-0.9701334807614614,-0.43014428178854214,-0.07774145665507604,2.3472575588506195,0.007036235088172971
20000,28,3,CTATCGCA,0.0007225633207866474,0.000722559866416228,0.0009852137882262468,0.0,0.0,0.0,0.0002626539218100188,1.4141837739733987e-07,1.3105526613932383e-07
20000,28,3,CTATCGCA,0.0007225633207866474,0.000722559866416228,0.0008771835127845407,0.0,0.0,0.0,0.0001546236463683126,1.4141837739733987e-07,1.3105526613932383e-07
20000,28,3,CTATCGCA,0.0007225633207866474,0.000722559866416228,0.000822392466943711,0.0,0.0,0.0,9.9832600527483e-05,1.4141837739733987e-07,1.3105526613932383e-07
20000,28,3,CTATCGCA,0.0007225633207866474,0.000722559866416228,0.0009920942829921842,0.0,0.0,0.0,0.0002695344165759561,1.4141837739733987e-07,1.3105526613932383e-07
20000,29,4,CTATCGCA,0.01770045311713639,0.017781713411563316,0.029141642153263092,0.0,0.0,0.0,0.011359928741699776,5.429012167030428e-05,0.00037933129937800514
20000,29,4,CTATCGCA,0.01770045311713639,0.017781713411563316,0.032270945608615875,0.0,0.0,0.0,0.01448923219705256,5.429012167030428e-05,0.00037933129937800514
20000,29,4,CTATCGCA,0.01770045311713639,0.017781713411563316,0.019662003964185715,0.0,0.0,0.0,0.001880290552622399,5.429012167030428e-05,0.00037933129937800514
20000,29,4,CTATCGCA,0.01770045311713639,0.017781713411563316,0.02243838645517826,0.0,0.0,0.0,0.004656673043614945,5.429012167030428e-05,0.00037933129937800514
20000,30,6,TTTGGGCC,-0.31709617150850866,-0.5293088170754651,-1.2045624256134033,-0.39706093907173057,-0.5360502752780419,-0.13898933620631138,-0.6752536085379383,1.2933234346069127,0.020047561205174036
20000,30,6,CTATCGCA,0.21231841392046547,0.1854248832952575,0.002597481943666935,0.13235364635724353,0.17868342509268065,0.046329778735437116,-0.18282740135159056,0.16869922063354864,0.007338036882300836
20000,30,6,CTATCGCA,0.21231841392046547,0.1854248832952575,0.20744597911834717,0.13235364635724353,0.17868342509268065,0.046329778735437116,0.02202109582308967,0.16869922063354864,0.007338036882300836
20000,30,6,CTATCGCA,0.21231841392046547,0.1854248832952575,0.0005149280186742544,0.13235364635724353,0.17868342509268065,0.046329778735437116,-0.18490995527658324,0.16869922063354864,0.007338036882300836
20000,31,2,CTATCGCA,0.0041039707616079,0.0041043218121785685,0.005310670007020235,0.0,0.0,0.0,0.0012063481948416666,1.8040606786229318e-09,7.039052020152425e-07
20000,31,2,CTATCGCA,0.0041039707616079,0.0041043218121785685,0.004104292020201683,0.0,0.0,0.0,-2.9791976885462645e-08,1.8040606786229318e-09,7.039052020152425e-07
20000,31,2,CTATCGCA,0.0041039707616079,0.0041043218121785685,0.004037054721266031,0.0,0.0,0.0,-6.726709091253724e-05,1.8040606786229318e-09,7.039052020152425e-07
20000,31,2,CTATCGCA,0.0041039707616079,0.0041043218121785685,0.004037054721266031,0.0,0.0,0.0,-6.726709091253724e-05,1.8040606786229318e-09,7.039052020152425e-07
